57
55
51
59
56
52
68
90
61
53
55
49
59
51
57
54
61
56
113
53
308
57
129
56
63
67
98
106
68
56
52
54
52
49
52
127
61
74
52
59
60
64
54
59
72
50
53
70
54
65
59
86
62
57
49
50
49
57
51
66
130
60
71
54
67
58
56
56
58
159
57
105
98
1905
60
56
53
54
57
65
60
48
78
55
56
63
62
64
80
103
117
56
58
64
107
59
1177
55
54
79
59
60
55
46
58
73
62
63
115
50
53
53
47
50
49
69
50
47
65
51
55
51
50
53
50
63
60
50
55
56
49
51
192
56
79
56
64
52
50
39
200
54
82
54
55
54
62
46
54
54
59
68
50
59
49
51
52
55
56
53
57
56
75
67
54
55
61
56
58
52
69
46
57
70
64
58
53
65
62
53
59
53
51
55
53
692
51
51
49
59
180
55
52
528
60
56
55
821
82
84
63
54
81
68
58
52
78
53
49
53
63
61
51
64
817
58
186
57
53
53
53
49
65
47
51
54
67
242
58
63
88
78
62
68
64
57
78
87
62
61
47
52
62
55
51
51
48
57
59
63
426
56
61
55
59
1085
57
53
58
59
57
54
73
49
83
56
61
57
60
349
54
60
53
47
60
49
58
120
83
144
73
54
59
78
71
62
49
70
62
57
53
58
53
53
151
58
91
54
93
69
52
50
55
56
50
53
95
53
78
59
56
53
53
72
58
63
211
50
49
55
163
56
205
79
134
61
60
56
55
61
50
57
55
62
52
58
58
56
55
54
63
74
53
57
50
52
52
55
56
65
51
55
51
52
52
115
126
50
52
55
53
62
80
57
58
62
53
60
54
105
57
59
53
57
54
64
59
57
59
60
120
49
53
68
48
53
59
52
65
69
56
1007
52
57
56
55
61
66
130
450
56
52
59
59
62
51
47
53
59
54
51
64
73
62
57
56
61
56
60
53
56
50
454
52
48
51
48
56
61
54
56
637
52
67
61
95
65
68
148
121
64
57
56
622
52
49
52
51
49
49
61
128
50
49
52
52
51
49
52
62
54
58
72
53
53
63
48
289
46
52
320
54
51
65
54
482
132
56
70
55
68
59
492
58
692
51
53
52
60
62
56
53
57
58
177
65
59
188
57
54
52
81
56
63
53
57
54
50
50
56
1371
122
37
53
430
52
49
52
60
55
55
52
58
67
96
47
55
58
62
63
58
51
48
63
50
129
64
70
58
52
61
53
59
53
52
74
58
52
52
63
57
57
97
50
125
86
50
58
60
54
51
56
57
63
70
59
64
52
80
525
56
64
56
60
57
56
58
51
55
56
73
56
57
54
165
55
56
56
83
47
1533
54
69
77
286
903
97
57
71
53
329
51
56
49
57
60
59
65
59
61
53
49
60
56
60
55
67
80
55
60
50
61
50
57
58
55
53
48
56
53
57
54
88
54
76
56
55
53
78
1210
360
107
61
59
55
57
58
51
58
51
51
62
56
55
118
73
62
70
56
140
53
60
53
52
56
58
52
59
52
54
68
95
58
55
1033
54
62
92
106
67
56
53
56
65
55
198
67
76
60
54
56
54
53
80
59
1578
75
64
59
49
74
420
54
55
55
161
57
63
51
54
55
55
57
42
50
49
58
58
40
54
61
56
57
865
62
68
62
55
54
103
58
74
57
76
71
62
61
57
55
67
867
64
58
55
61
62
55
50
52
58
127
51
186
290
65
57
49
90
54
51
60
54
76
80
61
65
134
58
228
56
50
53
49
55
105
53
55
108
53
57
57
59
52
53
53
55
55
52
51
54
590
51
52
88
63
57
59
64
61
68
64
58
60
61
53
84
236
52
49
84
55
57
382
52
95
176
51
48
61
111
59
56
52
52
53
56
58
54
53
51
130
59
114
65
52
113
67
59
73
56
54
59
58
58
61
65
62
54
65
52
53
112
50
62
61
116
56
191
56
75
59
51
51
62
50
67
103
54
51
51
100
74
62
621
53
70
49
57
51
70
57
66
57
1344
57
67
64
58
53
68
99
52
52
90
62
62
58
61
68
133
74
53
50
63
93
86
57
60
84
51
221
68
50
66
53
55
48
63
53
54
59
55
155
72
62
51
40
93
59
55
64
50
56
52
57
62
48
54
625
124
57
54
55
54
62
63
55
55
57
47
53
297
51
75
1234
55
770
54
60
69
78
54
63
104
102
143
55
58
617
51
86
50
51
64
62
63
50
53
59
57
67
57
856
78
48
60
124
68
99
64
63
57
59
170
51
57
49
50
58
52
49
49
67
53
114
56
47
64
73
118
183
153
53
48
56
64
79
80
67
54
68
55
63
70
522
53
186
57
53
58
58
54
60
52
56
55
48
62
59
91
57
62
400
58
169
57
57
57
52
67
59
57
60
69
68
61
63
56
104
56
53
52
54
70
54
57
128
52
461
64
55
65
56
127
55
51
61
55
56
74
77
55
52
116
260
61
53
935
59
58
52
84
127
64
57
49
301
51
54
72
66
73
68
57
65
59
79
59
68
74
55
75
59
71
53
65
52
53
423
65
60
68
60
59
660
64
78
228
62
70
117
58
54
70
77
67
87
58
58
51
60
65
52
78
79
57
53
112
2692
60
127
72
58
54
48
60
52
53
126
105
63
58
55
63
76
71
59
59
160
61
109
177
144
59
56
52
47
51
60
54
72
62
51
102
47
67
150
59
59
56
53
56
63
54
63
54
68
63
59
1123
55
50
57
58
52
48
65
52
52
61
55
58
49
61
49
58
119
50
126
49
53
52
54
54
53
93
55
59
195
53
55
58
54
53
67
53
77
56
71
52
54
274
52
102
57
62
60
58
59
102
55
65
54
55
576
57
56
942
52
99
56
50
89
56
53
144
117
54
53
56
55
53
70
58
63
50
56
57
55
62
56
60
61
50
57
52
76
52
62
67
52
51
59
58
64
1514
59
106
166
53
52
110
53
62
53
305
56
95
52
51
811
49
651
58
54
82
54
55
58
534
84
135
52
59
99
69
53
62
53
52
50
48
55
57
52
144
53
54
53
60
58
57
76
50
50
55
51
52
93
56
56
64
59
69
51
54
53
103
87
57
56
64
123
59
75
52
72
53
56
58
55
80
88
329
92
56
50
64
62
52
131
54
55
59
53
65
163
48
52
51
72
57
116
51
53
101
51
48
54
52
52
59
302
62
58
144
133
59
57
57
130
59
61
56
61
52
51
55
1539
73
52
54
52
50
68
62
51
49
69
57
56
72
73
54
57
49
75
58
57
61
55
49
51
53
304
62
58
59
68
52
66
59
57
61
55
184
62
59
52
51
91
60
55
117
51
116
63
47
70
124
60
60
59
55
62
58
54
58
70
96
54
59
77
387
140
60
56
59
55
53
76
139
72
62
75
54
52
65
117
67
51
60
67
112
60
64
65
47
53
49
62
63
52
62
345
87
61
64
58
52
67
105
71
56
78
65
87
52
56
62
56
79
56
57
65
73
51
48
149
50
53
530
56
59
59
54
58
74
62
51
52
55
56
65
57
92
94
124
52
54
226
56
56
55
65
53
52
55
55
54
51
52
498
51
59
150
58
58
54
61
130
51
165
61
1163
50
53
55
92
57
50
61
61
120
81
53
48
51
48
53
54
83
64
50
62
54
62
47
58
59
51
54
49
80
89
56
57
55
62
52
57
55
55
56
54
59
56
53
51
55
58
60
60
83
118
71
60
112
58
57
56
56
59
67
68
64
58
65
54
54
52
65
46
55
63
53
65
53
47
51
63
47
52
80
56
56
48
47
55
56
50
49
54
57
52
53
70
47
52
55
57
62
58
49
53
63
48
55
52
54
51
62
53
91
120
53
50
57
52
47
53
54
112
58
51
74
64
49
53
57
82
55
84
51
64
60
53
60
51
49
52
55
60
56
58
638
53
58
58
57
46
38
62
54
183
278
47
60
39
58
95
63
49
66
63
73
84
63
61
58
50
49
54
72
56
50
63
54
91
128
113
49
73
48
53
429
71
48
136
69
58
58
50
1005
1007
69
56
60
57
52
58
67
72
49
45
56
52
60
67
67
66
56
50
92
219
72
63
66
78
64
70
59
76
877
73
62
306
369
683
57
58
140
56
55
58
126
55
509
64
88
51
55
51
55
57
48
55
76
57
61
52
69
76
62
65
54
54
55
55
98
93
50
89
66
134
61
64
59
96
53
58
56
51
52
50
54
58
52
56
61
58
62
51
56
53
50
51
50
187
85
53
61
70
53
55
64
74
55
53
53
55
78
118
51
52
50
61
76
57
76
60
52
50
54
62
633
88
56
61
58
58
59
64
51
57
54
54
84
134
52
91
61
52
55
56
1869
55
62
62
143
51
61
49
54
100
56
80
104
62
55
58
116
57
49
59
47
55
58
56
68
49
54
60
51
52
54
69
63
80
58
177
56
55
118
68
68
66
52
50
62
64
51
55
61
54
62
52
62
54
136
893
82
60
90
1307
63
54
71
46
64
144
50
54
458
62
63
56
55
57
361
68
54
59
55
70
55
53
79
76
57
95
101
56
61
55
55
58
56
54
51
53
61
49
52
48
58
64
62
46
109
50
55
55
165
120
71
68
110
62
54
55
52
52
54
52
57
101
61
56
56
58
55
62
68
51
47
48
129
52
69
80
68
66
61
451
59
49
94
53
62
62
54
59
61
52
54
54
62
61
54
50
60
62
54
60
52
55
52
59
56
54
52
59
136
54
57
55
49
49
54
52
56
52
56
51
57
58
127
58
723
51
51
62
57
53
55
101
51
77
61
58
57
52
61
49
55
497
61
79
127
77
53
56
65
53
57
55
114
68
70
61
66
392
54
80
87
61
203
58
124
94
110
56
54
50
58
79
57
53
71
51
72
53
60
55
57
133
57
60
48
55
57
56
57
63
59
53
51
62
66
58
62
46
49
57
52
63
65
56
72
60
51
59
67
60
64
51
49
78
63
50
60
56
59
53
55
57
50
64
50
53
54
58
51
75
61
61
49
55
49
55
56
56
90
92
225
59
56
93
250
52
57
57
72
104
63
65
54
58
55
171
76
52
92
114
64
54
68
51
112
53
67
52
60
59
53
203
65
61
51
51
62
64
55
67
56
54
170
56
80
49
122
58
52
59
61
51
58
52
109
62
44
51
69
50
58
58
47
49
67
62
53
66
55
55
49
65
46
45
56
53
73
54
59
61
58
56
54
54
53
501
50
59
120
59
58
132
78
60
102
47
58
50
59
57
103
54
53
52
58
56
56
53
127
702
49
55
57
58
76
54
50
70
53
51
52
57
50
50
56
53
49
118
67
54
62
49
47
49
77
58
121
53
145
48
52
639
82
97
77
65
60
362
195
197
162
54
51
195
55
64
59
65
61
58
52
55
61
72
61
72
67
58
90
572
52
59
58
52
59
77
50
50
63
50
55
63
58
51
52
51
59
64
63
56
53
67
58
55
56
60
57
51
49
57
52
117
53
60
60
196
50
76
55
75
57
61
55
117
55
93
52
58
56
45
54
48
49
53
58
76
66
69
49
56
57
61
52
148
51
464
52
50
93
138
68
73
57
60
112
92
60
89
82
80
54
90
123
62
55
49
74
363
60
52
60
253
161
59
57
59
53
50
54
49
56
50
57
50
44
57
145
51
56
57
51
58
59
52
53
50
53
58
54
60
314
50
58
59
933
51
58
48
52
51
50
52
591
53
63
60
66
55
54
55
56
95
223
58
57
52
90
49
58
50
57
60
106
64
66
50
140
52
62
51
122
51
51
61
50
52
94
62
54
49
60
60
51
58
53
49
116
65
58
52
59
61
58
52
58
124
59
73
65
91
63
57
67
66
58
51
56
58
58
55
52
68
83
57
57
56
53
54
49
57
60
64
131
77
62
58
66
75
53
79
49
51
61
65
48
53
122
64
51
56
83
55
68
55
50
219
56
175
505
52
177
54
60
56
52
52
52
54
172
79
57
121
50
470
50
54
49
55
52
61
65
52
66
718
115
57
100
206
64
51
52
51
56
528
60
54
63
62
68
56
59
60
3226
57
81
64
57
106
29
451
291
53
84
353
58
85
55
59
50
58
52
68
479
50
390
80
62
76
210
55
59
53
53
61
52
50
94
50
55
65
60
52
51
52
63
52
56
153
60
62
49
687
58
53
52
61
53
49
88
73
50
57
197
53
54
46
58
55
53
53
72
84
64
54
54
53
56
54
50
50
71
59
54
54
66
52
65
77
1338
61
61
74
66
57
58
50
140
153
59
61
52
92
54
68
58
74
63
141
61
104
52
56
51
49
54
65
55
51
54
80
55
105
57
58
53
57
60
53
49
61
54
96
1120
131
98
122
74
439
52
57
102
101
62
56
67
67
63
56
1084
66
80
64
49
61
58
51
49
475
65
62
60
50
765
61
485
54
61
53
63
104
57
55
54
61
51
51
61
286
86
59
604
57
51
50
52
56
51
56
52
60
83
47
52
53
60
830
52
56
50
60
51
67
59
55
63
51
53
57
188
59
55
53
54
56
58
60
66
54
57
58
74
52
60
49
56
56
151
61
56
55
68
53
55
54
56
63
50
830
50
56
64
178
46
81
373
134
55
59
86
68
61
59
53
97
61
57
64
79
122
133
71
57
85
59
57
985
50
47
729
380
69
62
73
58
174
148
61
59
74
65
54
62
108
57
63
65
79
60
103
52
52
61
56
202
57
55
59
57
141
58
52
67
57
55
47
46
134
53
59
56
225
60
74
50
136
54
56
57
62
60
66
946
54
103
52
155
70
59
55
54
57
52
53
54
60
59
53
82
52
66
61
58
62
139
1591
117
50
52
54
53
67
49
62
59
65
51
62
172
62
469
80
49
77
76
56
83
56
56
56
99
571
53
58
57
53
50
63
59
622
585
51
102
67
62
56
53
51
54
56
62
88
93
91
68
56
56
52
64
63
70
51
53
57
50
56
228
58
47
52
53
55
58
55
62
53
55
64
53
55
52
53
51
51
97
82
64
68
108
54
53
50
52
53
64
68
53
193
55
58
53
61
55
52
51
49
63
52
116
52
60
56
53
53
53
50
84
53
50
56
51
47
57
573
55
54
52
60
97
54
47
60
57
57
100
56
51
120
78
68
55
97
90
75
63
58
50
61
63
101
55
58
186
84
53
58
55
64
58
55
46
60
63
93
59
71
57
60
85
124
98
59
61
87
53
86
77
159
75
73
61
62
69
59
69
51
65
52
66
56
58
55
478
282
51
59
75
70
60
54
74
56
54
44
1037
53
52
53
58
59
56
55
80
56
62
58
58
55
55
50
54
53
56
54
62
56
51
47
82
69
55
48
55
59
163
222
49
64
52
55
53
120
120
49
135
63
49
50
48
48
103
54
57
60
61
59
50
62
54
189
110
56
52
78
50
64
53
67
49
53
72
52
65
51
146
112
61
66
65
66
52
52
58
47
58
65
63
87
55
127
48
48
51
53
61
61
113
53
58
91
55
54
55
56
131
73
201
52
71
52
150
59
92
60
95
66
73
52
61
69
52
82
60
51
50
53
55
51
50
62
53
53
61
56
54
61
59
54
51
53
51
115
54
59
53
59
145
54
69
56
52
1494
90
57
82
62
54
67
54
52
335
115
65
184
63
55
72
83
52
57
58
56
68
56
52
50
51
115
58
191
164
98
58
92
123
552
63
85
55
66
66
51
56
74
55
57
77
101
130
58
65
443
1885
222
56
50
48
207
49
59
61
53
58
59
55
69
165
68
58
106
52
50
65
72
58
69
62
56
52
72
55
61
56
48
55
60
58
57
64
62
46
79
59
51
134
82
53
252
52
50
115
52
63
52
57
54
149
1069
58
72
82
89
51
113
69
53
60
51
56
60
57
56
181
55
52
56
58
73
177
54
60
48
133
56
48
51
67
68
59
50
55
50
69
58
55
53
54
52
48
95
187
61
73
53
53
58
64
40
46
63
67
56
56
73
61
67
101
140
61
57
57
54
1108
52
49
2187
60
51
53
52
64
53
57
51
90
55
130
129
59
57
59
63
48
65
206
52
56
55
49
54
51
46
53
60
55
54
49
131
54
60
51
123
53
56
80
57
107
54
107
66
51
99
57
40
107
2809
50
60
315
84
62
61
51
60
53
78
53
60
52
52
55
63
97
119
59
55
51
55
57
50
59
55
55
91
31
59
58
53
59
53
57
92
68
58
111
131
61
63
61
56
63
50
56
49
44
1348
55
53
56
53
60
53
52
68
59
310
59
52
62
167
115
502
144
52
59
53
58
47
2209
52
64
58
54
49
62
62
52
50
54
119
72
51
510
55
53
70
127
518
201
52
43
60
115
69
56
97
61
556
53
81
53
63
55
51
140
99
53
64
65
54
51
58
98
56
82
68
58
64
54
56
52
90
65
54
57
60
60
61
53
51
86
2301
56
52
287
60
54
87
64
57
68
112
59
55
49
52
67
52
59
54
57
1158
51
57
58
55
57
55
55
53
121
55
76
52
53
61
57
57
60
80
51
51
55
52
70
50
53
56
62
59
68
49
51
62
50
73
56
63
94
52
50
50
50
53
62
231
55
93
73
58
66
59
60
59
54
51
98
85
50
56
65
292
52
53
56
57
60
53
52
57
58
55
56
68
883
121
60
58
57
57
60
139
60
61
50
53
56
63
56
844
54
49
53
129
57
491
57
47
54
53
58
115
60
50
52
143
53
50
54
65
61
51
54
51
49
75
54
55
52
59
58
65
71
77
173
62
47
73
65
60
56
511
55
58
68
70
51
71
63
61
64
57
78
50
52
166
63
48
71
94
46
55
60
56
54
61
57
155
59
57
54
52
61
53
63
52
49
57
51
54
71
143
58
74
107
1014
56
55
63
76
51
50
55
56
46
54
52
53
54
49
62
57
125
49
285
57
59
58
60
59
58
53
1675
56
55
59
58
63
121
58
53
88
68
51
144
52
67
61
123
135
59
58
60
130
90
60
54
48
52
47
71
58
72
50
62
63
203
68
146
49
63
72
367
54
531
57
51
62
50
57
50
57
53
61
44
63
66
49
57
56
56
57
835
57
55
64
54
49
60
66
50
97
51
63
55
57
49
52
53
53
94
130
54
122
46
63
52
44
61
55
53
61
70
65
63
62
62
165
61
54
62
664
1866
87
63
60
101
137
251
59
57
52
56
68
55
63
56
46
191
76
54
57
232
51
53
54
110
88
67
74
55
52
56
51
55
1188
58
58
59
49
52
56
113
48
56
56
54
57
120
56
58
50
64
46
61
51
63
56
51
71
143
54
51
122
56
48
54
57
84
59
23
56
52
58
62
122
56
53
56
60
66
174
60
91
67
67
73
58
56
58
58
143
107
67
69
59
60
56
58
47
53
69
724
58
56
52
52
139
63
52
71
55
58
60
156
79
57
53
430
56
53
54
82
64
60
60
64
67
58
50
95
60
97
55
63
48
51
53
155
60
54
55
213
57
56
59
57
57
56
54
132
58
74
57
64
52
55
57
53
61
64
62
118
58
156
130
52
129
105
51
60
58
58
65
62
50
81
138
71
51
58
48
1319
56
61
55
69
58
61
65
49
65
66
62
52
56
53
64
50
64
59
57
57
55
63
110
48
54
1326
74
52
63
73
51
50
49
53
56
54
60
55
52
60
55
50
103
60
76
49
61
69
56
85
102
51
109
51
52
60
52
59
58
51
56
49
56
56
59
114
46
57
52
116
59
50
59
52
64
54
59
55
52
52
53
578
66
74
55
49
61
55
59
54
58
56
711
59
60
59
54
127
58
48
66
70
55
49
162
35
49
55
55
50
50
49
49
53
49
50
65
115
61
66
52
51
55
115
53
56
56
61
94
54
80
137
57
63
60
190
58
61
51
336
2750
71
53
206
55
58
57
59
53
102
56
74
78
84
65
63
52
54
74
83
148
50
55
57
176
58
46
91
120
122
51
54
60
50
56
191
60
56
88
129
52
52
56
51
52
50
115
58
54
56
52
66
51
60
61
53
68
77
65
59
60
53
51
196
57
59
60
139
50
54
54
52
51
49
49
53
304
104
72
69
71
69
55
154
146
72
60
58
57
54
49
128
53
53
51
51
55
61
118
57
50
89
55
57
88
63
71
54
63
56
56
52
52
56
53
51
55
37
54
56
55
57
54
55
56
116
50
50
52
53
52
75
53
61
102
59
52
65
61
60
62
55
49
52
61
51
55
58
48
74
53
64
55
65
43
50
58
56
53
55
56
53
56
53
64
58
138
55
52
52
65
73
52
53
51
54
52
116
51
58
63
50
58
66
59
65
105
57
56
62
50
55
48
71
58
76
59
57
59
60
423
55
51
55
53
56
96
54
105
53
57
48
69
54
82
56
60
55
1251
378
54
66
283
61
810
53
59
50
53
49
52
130
69
49
97
71
127
107
79
58
51
50
56
51
52
52
52
64
178
88
315
55
114
8952
48
50
73
57
54
282
51
56
57
53
61
57
53
56
66
56
54
59
54
59
60
50
55
56
53
67
61
61
116
52
120
48
132
67
111
56
53
77
48
59
558
75
54
59
65
51
50
145
58
52
67
63
53
69
52
58
66
59
555
74
61
59
56
49
49
57
53
107
124
49
132
73
94
55
59
54
58
57
52
102
58
60
291
61
55
53
55
53
51
114
217
58
52
49
49
70
60
70
60
58
47
54
113
55
59
53
58
58
64
58
55
63
65
61
59
66
63
49
51
58
50
54
47
66
58
49
57
66
64
193
50
85
65
51
51
59
61
62
61
51
58
77
55
54
60
47
52
58
52
62
88
81
53
48
55
65
63
57
58
54
71
71
124
53
60
70
72
54
56
61
54
82
143
53
51
116
59
61
56
54
56
70
62
60
54
57
65
51
102
58
53
53
55
54
65
51
54
63
67
87
59
53
60
60
54
59
52
749
50
99
61
66
65
456
66
50
55
114
59
70
58
54
61
59
54
57
50
58
56
62
53
57
54
58
48
57
52
56
65
128
62
57
50
69
55
78
54
66
53
57
50
49
112
54
48
60
65
65
54
62
60
52
56
52
51
54
49
56
54
60
49
50
54
55
51
107
53
47
53
48
50
62
56
58
63
53
58
79
68
59
50
54
53
51
57
63
54
66
71
48
60
49
62
239
52
63
50
519
52
59
49
55
79
58
69
63
40
54
46
61
54
56
65
61
52
54
59
52
75
55
58
56
59
56
64
162
59
56
50
62
60
82
50
55
131
53
51
52
83
60
77
151
102
81
57
46
390
56
65
56
55
66
52
52
63
53
63
60
53
66
62
58
55
55
59
50
1048
56
56
58
60
59
50
56
42
64
62
48
51
53
71
85
60
62
80
53
58
203
73
55
32
72
56
73
47
53
57
59
60
47
58
55
54
57
53
155
48
54
59
56
53
341
75
51
66
48
50
52
64
54
54
62
63
72
52
51
63
55
70
53
52
50
104
62
50
54
53
61
91
61
55
50
48
59
57
59
53
55
57
52
46
57
78
99
69
342
109
259
51
48
192
58
58
50
54
56
57
52
55
115
48
56
527
68
61
51
62
51
54
47
55
63
77
68
72
142
56
63
78
52
49
55
53
98
114
53
61
119
53
65
56
68
52
52
49
62
62
64
52
61
59
47
58
72
185
49
64
55
67
52
57
56
49
48
53
59
57
89
56
59
57
255
64
54
54
47
59
60
127
71
57
47
56
125
64
169
54
50
53
56
54
51
54
59
53
136
55
53
56
49
48
53
49
53
68
55
56
53
55
56
69
143
59
417
1020
189
56
48
52
61
111
74
804
487
55
50
78
103
61
59
52
54
62
67
60
64
71
53
54
61
92
57
70
100
118
59
59
56
54
49
48
55
62
61
54
51
62
58
68
56
51
777
52
51
60
53
52
54
908
54
54
56
54
276
57
63
66
70
52
49
50
56
52
81
56
69
58
65
94
58
52
59
52
6324
305
72
55
55
535
55
57
62
506
57
55
90
252
51
53
56
68
63
99
52
55
62
49
82
146
452
67
54
57
55
53
55
101
51
50
59
53
60
68
65
66
56
269
50
194
81
54
55
71
60
58
59
54
83
95
52
64
50
99
69
53
73
53
50
61
59
63
62
81
112
59
63
61
56
55
66
61
52
57
51
81
53
49
58
58
49
69
63
51
51
64
53
57
56
56
60
51
56
56
54
57
661
53
53
52
62
52
122
51
55
105
65
53
49
70
74
47
54
66
59
51
55
59
50
50
58
56
62
113
123
49
50
65
53
58
55
54
52
54
61
56
57
65
64
185
51
55
55
775
49
61
51
34
31
120
64
63
64
110
51
48
53
56
58
51
52
49
52
55
56
56
59
53
57
62
75
148
54
58
61
54
58
50
51
54
53
53
67
53
66
54
133
55
51
53
413
69
2372
55
58
55
194
62
53
53
1034
53
54
52
52
59
315
51
80
60
59
57
64
68
62
66
84
99
71
74
47
54
53
61
281
190
59
54
50
55
56
62
71
28
438
308
178
67
62
130
58
242
59
56
51
57
52
55
74
56
65
50
468
60
58
56
50
56
49
60
52
53
232
62
62
67
56
53
49
54
61
60
54
50
59
51
53
60
130
53
48
56
62
53
53
50
88
58
79
53
53
123
69
50
65
71
51
62
56
54
77
58
57
56
88
60
86
57
309
56
55
56
56
47
49
55
50
63
66
55
193
51
71
88
58
166
52
49
49
52
68
69
72
64
62
70
53
59
58
161
75
62
52
62
100
56
63
89
56
58
58
74
51
53
55
68
50
65
57
52
52
72
53
107
59
284
57
57
1025
480
53
96
62
55
50
52
52
51
56
63
105
67
82
118
50
75
57
54
62
67
52
61
111
67
47
52
61
56
115
55
54
112
58
118
68
76
55
50
53
53
58
65
55
66
55
50
58
66
52
59
63
118
51
50
64
66
72
220
50
51
56
64
52
55
60
56
59
60
50
50
146
73
62
55
56
60
60
59
59
2381
264
89
65
68
56
52
90
58
53
53
61
117
105
53
55
49
87
128
65
57
53
49
53
62
51
47
49
80
60
49
107
56
49
51
59
51
50
49
52
56
185
64
68
1274
55
56
520
72
92
54
119
48
62
54
49
56
57
55
66
56
53
58
58
65
51
73
52
57
53
69
38
53
203
58
108
60
56
212
57
61
55
70
57
52
60
276
67
57
62
74
73
50
60
54
106
65
53
78
50
50
48
51
50
54
57
52
55
83
60
206
54
65
65
52
68
61
63
79
78
64
47
49
328
56
77
52
54
54
60
80
55
58
82
52
61
55
67
58
71
52
56
599
49
50
54
66
61
59
51
54
51
89
51
56
50
57
53
51
49
56
206
49
47
61
51
53
56
54
51
51
58
51
91
51
77
55
44
56
104
135
60
57
62
59
80
53
65
69
100
54
79
56
53
68
50
56
56
51
52
54
147
82
57
79
61
90
54
55
68
55
71
52
52
46
119
113
80
52
56
57
49
50
53
47
53
77
53
48
153
59
50
56
49
54
55
53
50
58
64
64
80
116
57
68
60
69
63
60
60
61
687
58
52
50
51
110
59
49
79
55
114
58
86
48
93
70
480
57
50
103
52
56
510
115
108
99
53
120
51
51
56
50
56
56
56
61
60
53
58
58
64
62
42
331
53
57
51
51
49
89
115
167
71
81
61
52
69
52
51
59
499
1245
63
53
105
50
51
57
58
52
54
54
59
53
63
56
52
62
55
62
68
55
52
139
51
52
55
52
56
60
73
53
64
52
62
111
59
65
56
57
52
52
55
54
62
56
53
52
57
68
501
124
54
132
68
499
118
52
52
131
195
77
50
63
53
50
49
49
58
65
72
58
46
62
67
53
52
57
58
82
62
338
53
62
68
82
57
57
57
62
59
55
58
52
50
50
265
62
83
48
82
58
390
57
52
48
52
54
47
83
58
61
52
54
53
892
84
54
61
61
64
55
51
115
53
56
52
61
60
212
732
54
54
73
117
50
48
55
61
54
68
79
108
84
479
60
58
59
657
46
59
64
58
55
779
60
54
74
62
51
54
58
52
120
65
61
52
56
52
48
53
54
53
52
116
65
67
61
61
49
48
56
55
51
58
85
60
266
59
58
57
55
58
56
59
62
53
57
274
58
56
135
46
55
58
48
57
52
48
50
53
62
52
57
125
59
53
61
107
102
195
51
54
58
53
61
215
70
56
58
79
59
60
58
69
52
57
50
51
57
61
55
53
58
115
52
56
75
61
60
53
49
115
58
58
159
53
87
65
55
56
136
52
122
56
56
62
105
52
113
70
84
77
54
58
46
55
56
57
129
107
117
67
68
53
104
108
130
53
52
91
59
59
59
56
59
46
50
46
50
52
57
59
49
52
97
47
119
65
62
59
72
75
52
53
53
61
57
51
49
83
51
49
51
54
50
53
80
49
62
53
51
54
50
52
50
65
58
54
59
66
103
59
59
57
56
54
54
51
61
54
52
54
49
65
91
52
98
114
122
50
51
116
114
114
65
55
76
62
73
69
71
61
90
53
70
57
76
52
56
56
57
57
69
131
50
73
54
62
55
63
60
60
68
56
58
58
59
53
61
76
53
67
60
60
66
83
54
57
54
56
80
53
201
51
51
32
61
67
60
63
57
90
57
58
122
53
150
100
128
57
54
57
411
55
59
53
54
55
55
61
55
59
195
56
58
50
163
68
73
103
56
53
61
49
59
55
131
50
53
58
56
168
54
65
56
50
56
63
52
55
53
59
58
53
59
51
47
51
54
486
54
66
67
53
67
53
55
50
55
53
61
68
50
43
55
58
59
60
63
65
51
59
58
55
52
68
67
64
79
66
55
55
58
69
53
201
112
51
51
57
65
69
58
56
50
60
676
53
53
58
59
56
91
52
75
58
56
78
76
67
61
60
44
58
49
41
79
55
55
549
52
56
53
52
70
49
517
76
68
66
50
50
48
59
59
56
59
86
46
49
131
53
76
56
50
52
62
48
58
60
59
47
471
106
113
53
56
40
62
53
55
78
124
56
53
60
65
56
55
52
115
56
55
57
53
58
63
72
57
72
81
139
54
72
60
63
114
65
75
75
56
53
58
57
52
102
53
53
55
54
61
66
73
56
61
117
59
54
55
126
52
59
320
68
73
62
64
64
298
199
71
65
50
59
149
162
63
54
53
56
57
55
65
56
55
51
53
49
60
97
58
54
54
116
54
53
61
61
57
54
54
61
67
472
62
74
51
644
1114
117
57
60
52
64
54
58
58
49
51
55
62
59
60
58
58
387
66
80
54
72
59
51
50
51
55
48
95
121
61
56
54
148
73
914
53
52
58
52
52
99
100
60
77
59
49
58
104
92
56
278
50
94
53
55
54
60
560
56
510
55
85
76
59
63
78
128
75
49
61
59
48
55
51
49
49
53
60
58
60
56
53
295
110
49
53
55
53
61
56
50
55
52
62
49
51
55
217
57
65
61
54
51
808
61
50
46
53
53
124
63
54
49
52
54
54
73
60
410
104
54
55
109
66
53
56
164
252
326
53
171
124
56
85
57
63
56
52
52
52
55
51
57
56
49
57
48
60
109
292
381
54
56
56
55
104
54
69
92
130
51
89
55
58
59
49
57
69
49
54
74
51
108
52
53
81
56
61
116
48
962
51
55
51
51
50
49
47
47
57
53
124
61
55
71
73
1697
72
60
50
89
63
56
56
81
182
53
65
55
53
59
54
50
49
132
49
50
48
232
94
52
57
52
55
54
54
70
65
52
122
52
53
51
114
61
54
139
57
48
56
55
50
127
51
55
54
53
55
51
51
51
54
49
55
75
123
64
49
51
69
53
52
58
51
104
61
58
103
69
65
151
69
55
53
52
79
52
58
57
525
187
109
58
63
73
65
110
53
55
55
55
51
911
53
52
58
56
61
60
66
61
59
59
63
61
68
61
54
58
100
55
53
51
55
57
51
73
122
114
159
56
53
53
77
50
54
59
64
51
61
70
58
92
592
49
59
58
59
49
55
52
67
49
58
73
70
51
50
50
57
68
76
187
60
53
51
50
51
55
54
67
78
61
53
60
111
55
50
54
54
103
48
53
59
65
55
56
53
56
50
59
52
95
62
54
54
60
59
55
71
54
192
59
58
62
56
56
49
59
55
51
53
62
53
55
49
51
115
69
61
88
90
54
50
56
113
60
54
60
54
65
54
58
52
56
59
52
55
57
55
56
57
57
55
49
59
58
53
54
54
60
54
56
58
123
104
109
71
56
100
57
51
104
63
49
54
156
84
55
67
51
53
102
130
59
53
62
92
49
60
59
86
58
52
64
76
58
457
54
72
57
52
63
70
55
57
60
535
49
49
83
62
54
67
56
104
65
74
96
54
74
53
53
73
76
47
49
62
55
49
55
59
58
53
54
56
57
57
75
60
52
85
55
52
50
64
50
53
62
62
68
73
55
61
53
62
90
146
54
121
85
59
52
53
53
64
109
47
54
53
52
50
58
51
56
50
61
64
56
51
56
68
94
61
66
54
56
286
66
59
52
116
60
56
56
57
51
427
51
61
54
56
80
93
59
63
53
59
53
54
49
61
77
93
67
56
69
111
127
707
54
55
71
73
53
58
64
55
68
95
52
65
175
50
58
700
63
62
60
49
57
72
75
53
55
47
56
48
55
94
65
65
121
53
52
119
56
53
54
53
56
50
50
133
81
82
52
101
121
50
62
294
59
105
85
48
55
58
90
117
48
54
56
53
53
54
50
123
65
53
58
49
59
51
60
58
54
54
62
117
69
52
53
53
69
61
59
50
59
55
56
96
299
54
57
175
74
57
55
54
62
58
59
59
59
70
51
54
67
68
50
60
65
58
52
58
59
61
53
112
51
58
54
65
195
59
141
60
57
54
93
57
169
51
469
141
83
334
56
55
73
53
56
53
55
58
60
49
51
104
54
91
79
68
59
51
478
51
55
58
474
50
58
56
53
59
53
59
57
102
56
77
448
55
61
91
71
57
52
59
52
55
53
55
70
56
125
60
58
110
53
57
87
128
60
108
113
90
61
61
63
110
56
52
60
53
55
50
57
57
121
58
69
151
115
62
51
56
61
63
56
48
57
55
64
56
1234
51
51
51
48
57
59
52
50
46
56
49
53
51
52
57
52
67
60
52
55
56
53
57
59
57
59
113
62
196
60
57
53
58
55
58
53
50
59
70
53
56
52
55
56
77
56
90
63
50
64
55
60
51
53
56
79
59
64
65
54
55
61
56
68
414
61
55
56
71
62
53
68
468
53
65
58
52
55
67
53
52
57
55
53
132
52
53
127
58
615
55
56
75
54
71
48
68
57
49
52
56
58
80
53
87
49
77
69
54
57
50
53
47
73
55
60
57
67
58
52
49
53
94
2524
50
100
347
367
70
58
52
58
52
63
58
63
58
78
61
67
71
244
86
56
54
70
91
48
50
89
61
53
55
57
50
59
68
60
52
98
57
124
106
143
52
63
58
78
60
63
108
62
53
61
249
70
64
80
67
61
52
559
56
55
115
85
53
51
50
55
66
61
69
55
54
54
54
59
54
118
75
63
51
58
66
66
51
62
51
195
91
58
55
58
51
65
50
73
60
51
204
67
69
51
86
80
119
78
68
78
63
115
70
57
52
73
65
61
53
55
56
63
51
49
51
52
55
56
91
55
56
51
59
51
106
67
804
56
198
57
57
51
105
48
293
57
89
65
50
52
48
52
60
49
51
53
60
49
59
50
69
51
51
52
64
51
53
56
82
58
67
57
50
56
123
130
73
52
54
91
49
50
50
57
581
53
55
60
66
56
62
68
49
52
124
54
52
52
59
62
57
55
49
110
51
92
58
58
251
70
55
61
56
58
54
52
48
61
60
54
67
57
53
57
127
71
218
174
268
60
106
48
46
49
52
55
55
188
55
51
51
55
52
57
48
62
62
58
54
57
58
51
51
56
120
51
56
52
56
58
62
62
126
55
57
53
51
49
96
55
53
51
53
70
49
52
56
100
53
65
50
53
52
56
57
69
54
55
50
127
57
57
58
163
60
54
135
71
57
59
63
79
113
52
53
57
58
52
55
47
49
63
51
63
52
81
58
53
60
53
53
68
60
66
62
55
56
54
66
64
74
49
59
51
96
57
57
57
56
51
161
54
54
55
71
48
61
57
55
53
2324
53
55
59
215
53
61
53
55
53
56
66
64
78
53
68
58
56
52
51
50
51
55
49
52
48
49
50
58
52
58
53
60
55
61
49
53
55
57
59
116
56
44
55
55
56
54
54
328
396
57
63
51
61
53
50
51
54
82
55
54
54
53
56
209
69
51
60
58
67
68
66
58
111
70
51
49
50
734
59
50
48
53
55
49
51
57
53
65
66
56
59
73
57
54
55
53
51
61
51
56
52
55
44
49
51
50
51
50
53
100
49
53
50
48
59
49
57
57
57
96
61
72
84
74
151
58
57
51
1184
55
56
55
713
55
50
58
58
55
86
111
62
52
50
65
51
51
58
58
57
178
56
47
62
55
54
71
51
52
62
128
51
56
62
48
54
56
534
57
67
61
52
58
62
56
63
62
104
64
66
88
62
82
55
75
55
240
54
57
180
49
49
51
51
54
50
195
53
62
56
59
203
78
65
52
55
57
64
51
50
52
50
53
64
54
59
79
50
64
60
594
58
1893
105
1948
798
131
53
130
71
63
51
55
64
66
610
770
70
59
51
47
54
116
44
70
61
83
49
769
64
42
60
882
63
72
55
69
56
61
57
53
59
60
57
64
56
57
52
49
50
50
60
65
52
70
53
56
53
59
52
49
60
67
52
61
82
96
66
74
227
229
58
104
55
52
154
65
54
61
64
57
54
55
64
53
67
57
53
61
67
56
53
52
50
65
55
51
54
54
52
50
56
81
49
75
123
50
55
56
55
52
53
74
178
129
110
56
55
52
129
52
57
113
61
1688
68
60
58
50
54
59
106
97
695
55
59
57
99
51
56
73
91
52
58
197
119
240
56
64
60
54
50
54
72
54
78
59
53
54
63
62
1691
67
59
58
56
57
66
61
642
229
51
57
67
62
71
60
65
68
97
51
55
54
53
63
58
52
54
55
54
54
172
51
51
50
59
65
1169
56
57
72
58
62
68
53
56
88
169
58
85
50
67
68
56
56
123
65
51
64
65
54
49
50
49
119
57
59
49
54
50
56
53
79
127
71
56
68
57
1835
59
50
284
53
53
335
54
49
51
49
50
51
53
48
50
52
57
56
56
91
55
52
56
52
56
58
54
55
57
51
61
130
55
59
101
52
50
77
53
47
45
48
68
60
73
57
53
65
53
61
158
49
52
55
53
52
55
49
67
60
57
60
89
75
69
60
55
55
53
61
46
47
50
49
49
51
48
49
50
80
51
119
51
51
57
56
74
57
61
58
65
60
63
61
55
82
52
56
50
56
50
53
53
53
72
63
58
61
133
793
52
61
60
52
54
56
62
53
359
84
66
58
55
64
64
58
54
56
98
2652
52
50
58
65
62
61
95
60
58
51
53
64
76
60
76
55
107
97
60
64
130
51
62
56
50
57
65
52
58
135
54
50
46
56
59
60
55
922
46
335
54
58
56
122
52
54
55
61
48
53
52
58
58
55
297
134
55
58
55
65
260
67
55
51
56
64
55
57
51
62
49
185
111
65
56
56
179
60
62
76
58
91
64
59
55
88
63
49
51
49
50
50
149
50
63
54
52
55
55
55
407
62
55
48
54
53
53
54
55
61
185
59
72
60
52
55
86
63
237
47
61
55
109
747
55
43
99
172
53
54
67
52
55
71
158
55
80
59
53
50
55
61
64
74
57
58
238
54
50
50
63
52
50
50
203
50
492
138
112
55
56
78
62
465
320
744
49
51
53
52
50
56
68
51
54
50
54
154
122
53
60
57
69
56
56
52
61
56
53
54
66
51
54
129
52
435
67
67
51
49
122
58
51
90
51
173
82
58
52
93
54
61
47
58
49
83
408
48
63
56
115
69
88
63
172
102
56
59
131
52
58
71
114
53
55
32
57
52
54
57
785
67
707
62
307
3384
707
71
53
70
64
68
50
62
64
50
77
53
62
52
55
50
1278
49
55
54
69
61
50
50
60
60
59
61
65
68
61
137
55
775
65
54
66
54
55
52
55
61
63
53
113
52
58
60
51
57
57
50
55
52
55
56
51
53
129
55
52
52
49
55
52
57
732
60
49
126
83
63
68
46
50
47
47
73
51
46
51
53
69
55
52
53
56
61
65
108
54
72
55
55
57
830
56
54
117
64
432
55
63
60
824
55
54
58
51
52
54
54
68
52
59
58
52
47
121
53
54
80
74
61
57
61
55
59
1176
56
50
70
58
52
53
64
53
59
61
64
57
51
53
59
58
88
48
52
52
69
53
60
52
55
80
90
65
66
71
57
54
77
63
69
55
140
55
86
227
63
56
51
49
58
69
49
63
66
118
112
59
62
52
51
52
57
51
56
52
53
54
52
57
64
59
58
56
84
59
55
50
60
69
59
51
67
59
53
53
52
49
55
56
49
52
49
58
52
64
51
71
64
60
63
56
273
47
60
75
63
56
52
874
68
64
55
53
814
56
57
59
55
61
55
61
49
51
57
52
64
67
58
52
49
53
53
128
111
111
58
53
98
50
69
71
53
56
76
54
57
61
60
54
56
61
58
49
48
164
56
60
108
49
57
59
56
66
47
127
56
52
57
56
57
1072
52
45
58
87
89
81
63
54
54
69
54
56
74
62
55
49
56
54
48
55
312
59
62
52
69
64
53
141
54
62
50
51
50
52
52
59
155
56
460
51
57
310
59
54
55
68
55
55
60
55
55
60
56
50
55
63
61
95
46
72
75
87
120
52
380
61
74
526
56
57
61
55
278
52
51
51
51
54
48
48
51
68
130
54
57
64
61
62
62
58
82
60
52
51
51
77
60
60
65
55
71
52
55
50
98
63
122
54
72
56
136
107
89
68
71
66
53
100
54
55
144
59
51
53
60
50
53
50
56
53
68
125
53
65
79
60
58
55
53
64
51
66
97
53
53
50
175
52
52
71
50
53
66
59
178
49
53
111
100
65
69
77
230
59
50
47
52
121
174
134
87
52
61
79
181
55
652
56
67
384
72
129
50
101
73
49
60
66
84
61
57
57
202
66
54
54
70
58
65
67
50
57
58
66
70
90
69
71
54
51
57
54
62
50
59
48
61
59
65
51
52
71
64
54
51
57
47
51
68
49
57
60
61
62
58
54
63
57
56
60
58
50
56
124
62
65
59
94
61
53
52
54
495
82
50
74
39
59
53
51
54
74
56
63
86
49
180
399
57
58
43
54
90
71
79
171
177
92
66
104
72
50
56
68
1044
80
69
68
89
71
54
68
52
63
56
183
52
55
55
59
58
64
66
85
63
55
59
58
66
59
55
59
105
62
49
57
54
71
57
52
62
186
60
57
98
63
120
69
63
49
47
64
49
61
57
55
56
51
50
53
58
54
49
48
57
61
81
129
54
48
59
55
1197
55
52
63
139
54
69
48
96
54
55
689
57
95
55
62
428
65
86
1097
50
52
48
50
530
57
59
549
48
548
245
57
485
55
421
57
704
55
49
56
54
982
57
48
53
53
53
54
57
110
56
54
55
57
54
52
61
54
52
1628
95
87
54
56
56
53
48
58
51
61
146
64
131
54
173
150
64
340
70
53
52
48
56
65
57
53
56
140
90
62
60
122
55
59
54
54
61
59
70
102
55
52
48
63
50
52
86
89
59
64
64
60
53
192
53
47
63
52
53
55
64
912
49
62
54
78
60
52
51
78
64
44
56
84
55
62
54
51
60
900
98
64
61
181
51
63
52
47
52
56
59
63
55
49
54
101
60
55
50
54
55
53
51
58
55
52
61
64
53
64
55
55
53
70
56
63
60
56
89
66
72
61
69
54
93
369
65
85
68
73
70
58
60
61
56
60
63
54
120
55
60
61
55
51
53
92
52
59
115
52
58
50
56
49
73
50
55
54
54
54
48
55
62
50
51
55
94
58
57
49
50
55
51
53
54
48
84
53
66
55
55
61
57
82
58
69
54
90
51
54
58
52
62
63
43
54
53
51
108
61
434
52
55
51
53
53
51
55
53
55
54
760
58
51
47
51
55
50
55
56
74
57
815
65
59
52
53
125
56
50
112
56
51
61
60
53
76
351
56
119
50
98
101
114
62
134
54
130
65
51
52
54
63
59
65
52
52
56
48
56
56
72
76
62
55
57
56
51
59
56
50
52
80
203
56
60
59
54
634
63
82
55
61
53
47
50
57
60
50
52
61
55
205
52
65
54
54
54
61
65
55
61
77
69
56
108
74
78
83
54
54
50
53
56
64
57
148
55
48
54
56
50
59
54
72
58
55
53
63
61
43
73
52
53
56
53
54
53
59
51
56
132
56
59
59
55
49
63
55
53
51
53
126
58
58
79
48
54
90
118
65
51
174
75
48
58
182
51
55
54
49
54
56
278
52
58
49
55
51
52
54
60
52
52
52
54
57
558
53
54
77
121
71
63
62
54
49
70
52
70
62
58
70
57
64
50
52
53
57
54
51
58
56
52
59
61
59
69
54
118
85
56
56
74
494
61
53
57
119
61
51
70
57
68
53
50
60
84
56
56
70
60
52
51
67
55
108
204
62
132
96
50
54
59
63
51
54
50
112
60
458
68
60
172
66
66
57
59
71
65
61
169
52
730
55
103
65
60
58
62
81
55
53
76
66
620
52
64
68
64
201
49
226
53
48
88
167
54
54
66
54
55
55
52
55
51
58
49
58
65
55
99
127
54
49
59
63
53
123
57
49
48
52
470
59
417
73
52
59
117
395
88
48
51
83
49
54
56
149
86
191
57
88
52
88
72
69
66
53
49
50
86
54
51
51
47
55
49
57
65
46
56
72
59
56
48
50
50
54
67
53
52
53
69
65
54
53
54
60
58
52
51
52
49
50
101
59
54
76
52
57
51
52
58
55
55
55
62
53
65
59
161
110
134
98
58
58
53
52
53
52
573
57
49
55
107
77
58
57
60
114
56
49
49
71
72
48
54
56
55
48
56
60
57
52
76
58
56
52
167
54
62
60
51
53
57
59
60
142
64
94
76
58
88
68
67
59
55
52
52
59
68
59
79
97
75
52
67
61
54
57
48
592
56
89
57
55
76
54
50
133
56
59
135
58
57
56
55
58
201
86
85
63
91
49
89
46
58
88
389
74
152
64
54
62
54
54
52
206
183
61
54
60
63
52
60
50
55
109
59
56
52
1118
52
49
49
58
49
63
56
50
48
432
49
50
56
50
56
55
58
64
55
120
109
86
56
56
74
58
59
314
54
55
55
73
58
52
60
58
240
70
75
107
50
47
60
61
631
102
119
779
54
58
63
52
70
70
89
135
48
57
57
52
63
63
48
52
54
559
53
93
73
60
52
53
461
60
67
98
65
51
52
54
49
52
58
64
57
63
90
51
53
104
57
50
54
53
53
66
61
120
49
54
55
53
56
68
49
563
54
61
56
57
55
56
53
47
48
60
63
60
59
54
92
51
56
54
63
71
209
66
65
54
52
102
64
58
77
451
48
55
48
60
57
51
57
52
61
87
54
57
61
69
57
59
54
64
61
50
52
58
54
61
54
62
63
70
52
71
52
71
58
63
52
49
72
56
58
55
48
111
57
163
55
55
127
84
230
54
222
50
147
47
68
89
52
53
54
211
53
53
61
56
56
800
51
57
56
50
696
89
59
66
107
56
60
56
67
128
53
62
87
56
55
60
52
51
54
68
63
83
50
78
58
57
59
54
52
73
54
99
79
67
52
64
69
56
77
57
1482
52
58
55
78
65
55
62
52
72
51
50
48
65
54
96
54
57
61
70
46
53
61
78
58
1393
59
67
51
67
66
77
55
62
114
121
53
59
52
63
45
54
48
54
392
61
57
75
49
59
58
53
54
56
86
100
58
58
105
92
173
54
80
51
55
52
51
67
58
51
52
51
50
50
58
53
55
62
57
58
51
97
93
236
54
52
55
57
58
60
198
55
54
56
116
52
59
58
51
57
53
124
53
55
155
62
42
56
55
52
51
51
50
50
56
50
907
57
48
48
56
50
60
456
61
2413
51
53
51
53
60
60
59
50
55
49
54
51
49
55
53
58
47
63
59
50
50
54
46
121
55
49
55
47
56
57
56
373
54
52
52
51
61
95
95
56
74
139
61
54
51
71
94
76
54
70
54
51
48
53
59
59
51
53
50
51
48
60
186
52
59
63
55
430
50
116
50
115
53
60
58
57
53
56
57
66
70
93
56
106
62
93
53
106
56
52
57
51
52
56
67
65
52
56
49
56
49
47
64
54
49
53
69
55
53
51
51
55
66
76
58
119
57
61
51
59
64
56
48
99
65
157
91
56
52
59
52
53
60
51
57
64
63
57
59
66
56
54
56
51
49
60
221
50
64
53
56
187
392
64
58
56
676
94
51
57
52
57
56
53
57
59
57
57
231
61
59
56
60
55
58
59
49
61
88
63
58
54
52
59
61
70
48
50
83
118
51
369
57
73
65
55
55
172
56
60
85
72
106
64
100
114
66
138
85
62
52
59
84
47
56
49
56
64
53
49
56
47
53
49
60
54
61
54
70
67
77
1087
51
53
57
65
54
54
56
108
56
53
54
70
62
60
53
48
221
49
199
52
62
51
164
49
61
47
48
110
57
61
59
49
58
61
56
57
57
56
61
63
67
69
49
122
58
68
491
57
72
59
52
49
51
54
51
60
63
76
71
59
56
48
50
67
52
48
765
130
87
51
63
86
61
69
72
53
51
47
60
68
65
54
124
48
54
52
52
422
59
61
73
90
54
106
58
52
62
56
58
64
107
64
63
57
51
546
57
30
50
50
62
61
84
1015
56
71
59
111
82
48
54
73
69
76
64
79
70
52
69
61
75
57
53
55
75
58
119
62
2520
51
51
51
54
41
54
63
53
49
60
65
57
55
57
52
60
58
62
61
51
74
57
56
96
50
110
54
53
52
58
53
56
62
59
50
57
65
53
59
75
55
57
56
1126
236
58
53
53
64
234
49
173
867
46
61
52
57
54
54
53
53
49
49
168
52
56
52
51
54
59
56
51
74
66
59
67
53
57
53
53
50
52
47
59
81
52
52
56
53
50
61
59
92
57
53
75
61
58
86
65
56
62
56
467
65
80
53
56
56
113
53
53
298
56
57
52
63
76
61
51
57
53
174
207
57
56
58
55
65
57
51
64
62
65
67
93
54
64
51
52
54
92
133
50
54
57
57
57
73
55
57
66
51
51
64
54
51
96
57
55
55
49
52
51
55
59
64
58
59
63
51
49
58
50
57
63
51
51
58
68
54
57
58
65
57
49
91
59
49
52
60
62
64
60
53
73
58
53
48
49
60
53
91
50
79
63
68
54
56
57
56
51
61
58
49
61
54
55
57
57
63
52
58
52
50
54
54
101
55
79
59
61
61
54
57
59
54
52
53
84
64
51
63
55
65
53
60
82
54
64
55
131
58
68
52
58
88
60
56
56
60
58
69
49
204
105
57
270
85
29
53
53
52
51
51
49
52
55
57
58
129
52
58
62
56
61
55
100
53
154
67
58
50
117
56
52
2330
1923
92
51
56
49
53
97
73
143
51
53
62
58
50
71
59
140
58
64
78
85
73
63
138
55
52
58
52
58
161
55
53
55
55
58
80
59
53
56
54
119
86
134
55
53
70
708
81
53
62
60
61
50
57
83
68
62
68
227
54
55
60
54
58
60
56
58
55
110
65
187
56
58
50
53
62
58
197
48
52
52
60
53
51
71
54
54
77
56
57
50
49
50
86
61
91
59
58
58
57
54
89
62
53
55
57
57
63
53
139
55
56
51
58
57
63
51
753
84
75
52
54
53
54
49
61
142
47
69
50
69
65
53
139
59
50
178
96
66
53
56
120
151
107
66
50
48
53
746
351
54
73
49
163
61
63
49
138
58
52
46
424
52
70
120
53
64
90
65
55
104
127
57
50
52
55
58
52
121
63
54
52
395
59
88
68
57
54
54
56
58
67
88
65
84
52
58
53
59
89
71
65
56
55
58
240
56
61
55
59
58
55
51
57
60
58
55
53
55
59
122
61
78
135
70
198
68
49
52
50
61
59
82
63
52
53
50
50
49
49
56
49
181
118
53
59
64
52
119
54
606
57
836
58
118
63
58
53
55
573
62
51
71
64
49
55
46
52
145
62
50
62
52
139
59
54
244
57
89
51
944
66
63
78
71
53
58
50
62
127
53
50
50
70
72
131
71
54
49
59
61
56
58
57
58
50
47
57
55
88
68
70
63
59
166
50
66
76
57
50
63
53
61
54
94
54
60
52
52
51
84
50
51
53
54
94
121
109
111
115
60
68
102
59
63
55
48
76
56
44
54
61
66
52
46
1120
56
53
148
55
45
62
78
53
362
55
50
82
53
56
64
61
143
71
74
58
51
62
56
55
51
52
74
58
54
55
55
49
56
57
1837
58
55
72
131
49
279
53
67
55
65
56
46
514
128
66
52
71
64
55
62
62
55
140
50
57
1423
53
56
50
128
55
659
62
52
134
294
47
54
68
57
106
59
126
150
65
74
109
55
80
55
109
57
50
58
50
58
55
115
62
70
74
54
103
54
108
52
56
120
52
50
53
62
57
52
51
58
62
71
57
56
69
53
77
57
54
52
53
83
75
301
67
50
52
55
53
57
58
112
53
57
58
66
53
52
57
54
48
50
57
54
67
56
63
59
58
62
52
96
60
62
70
75
94
66
60
78
55
62
59
65
65
66
55
50
56
58
53
77
77
52
61
50
52
52
57
54
469
99
59
52
54
69
59
56
28
109
58
55
50
102
57
56
55
53
57
54
56
52
61
48
52
49
59
52
59
51
62
60
56
54
54
140
109
70
209
66
55
53
79
74
628
107
59
80
58
62
198
53
60
59
54
54
102
58
64
116
51
48
72
52
55
55
55
85
55
80
49
62
50
53
55
61
58
72
56
45
64
2084
53
47
500
59
51
85
63
91
65
50
51
50
62
56
52
57
50
158
60
54
158
50
53
50
51
48
55
55
48
51
66
61
49
413
88
51
57
59
58
52
54
122
51
52
129
55
60
53
50
31
53
84
114
49
54
49
58
57
85
55
55
53
51
61
61
56
53
63
52
51
120
126
55
54
55
60
65
67
80
62
55
47
78
148
73
56
54
135
63
113
61
58
53
52
54
71
62
60
63
136
103
54
53
74
55
51
86
90
52
108
66
59
50
52
54
62
49
48
54
57
52
57
53
55
49
113
54
66
53
49
55
82
109
94
83
235
53
55
74
69
86
246
57
3046
64
59
55
56
66
54
59
57
83
94
51
77
54
50
59
64
50
57
53
179
49
52
96
63
59
63
397
69
58
52
72
55
58
49
50
52
81
57
212
282
57
58
293
50
76
51
51
75
53
53
53
51
53
50
50
54
39
56
49
56
47
50
75
89
50
69
97
326
56
68
79
125
57
51
52
61
58
61
67
56
58
54
58
64
94
220
58
66
144
82
54
57
48
54
315
61
56
55
85
64
56
54
54
63
62
58
61
226
622
61
50
50
52
50
326
425
56
56
47
73
48
57
55
70
55
63
78
100
81
62
77
51
50
56
59
58
50
106
61
105
58
61
62
1752
51
51
59
1052
2817
64
54
67
54
51
57
56
204
55
90
56
55
53
93
48
59
49
62
66
51
58
649
52
56
60
56
69
57
54
80
52
110
176
47
66
49
49
67
60
57
617
1854
64
56
323
47
54
52
57
47
118
54
60
61
61
58
92
171
61
78
59
62
124
58
58
68
59
61
52
44
153
54
60
66
58
49
49
59
70
59
53
60
62
63
54
51
61
60
49
128
50
104
51
60
53
52
1998
54
70
71
54
51
65
54
61
136
46
52
49
70
109
64
54
74
56
71
1205
47
50
55
61
54
54
49
53
53
51
51
129
68
62
507
121
160
116
62
184
72
52
53
52
55
52
49
59
48
55
52
48
99
56
62
61
54
66
51
55
60
61
51
50
67
51
53
53
57
59
60
56
50
53
62
72
56
55
67
65
61
56
54
55
55
109
60
57
53
65
54
49
59
130
63
65
53
58
106
48
53
56
56
48
132
62
63
51
52
61
54
51
48
68
104
58
58
62
60
60
65
58
61
69
64
60
66
66
50
52
59
54
68
64
76
62
83
55
59
88
57
62
79
74
89
66
194
104
57
122
156
80
100
53
68
52
53
70
58
77
67
49
53
57
60
53
63
1521
53
53
55
75
51
58
52
62
51
54
51
53
57
54
280
61
69
134
50
315
128
73
73
52
50
53
55
60
67
59
270
52
53
54
62
50
55
81
52
48
50
47
53
61
54
60
324
62
69
60
71
55
62
77
58
73
77
59
55
60
51
50
58
50
61
52
53
50
57
50
55
126
64
1124
58
51
97
53
61
61
53
55
55
58
52
147
54
49
68
55
53
74
97
52
58
246
61
62
50
56
55
51
55
116
59
55
58
60
61
106
114
56
210
106
56
54
56
63
56
51
56
57
50
50
55
51
304
54
50
51
54
64
51
60
53
50
52
72
111
56
51
56
54
90
73
61
68
343
58
104
53
56
58
79
58
52
54
53
64
76
57
53
56
66
61
60
120
54
50
67
68
51
64
71
55
49
89
1083
82
107
73
81
55
54
52
49
110
57
61
127
50
68
67
57
107
77
54
75
64
52
60
59
54
50
66
60
61
58
57
58
52
70
57
55
58
60
51
52
93
65
102
59
56
49
52
56
52
52
52
55
115
56
69
66
49
118
121
50
54
50
61
61
74
54
59
64
64
60
57
63
50
63
61
96
57
82
126
58
50
58
56
52
286
56
57
71
59
473
536
49
58
58
125
51
66
71
64
162
153
61
158
54
60
67
57
85
65
69
55
54
272
543
82
50
50
53
48
53
54
60
264
130
57
54
87
78
62
54
57
56
75
59
71
53
49
50
59
629
57
64
64
71
83
133
58
71
66
49
49
49
60
60
66
54
65
50
54
75
663
131
54
98
141
42
49
50
48
47
50
124
368
55
54
47
52
53
88
54
55
50
60
47
59
53
55
58
69
51
49
54
55
56
60
54
57
52
109
118
62
55
150
57
59
51
54
56
53
50
54
61
62
56
68
79
113
58
48
52
72
67
77
127
72
116
2301
63
61
55
63
64
54
54
54
106
51
267
53
52
55
59
184
50
48
52
51
64
56
60
54
60
48
61
64
71
54
56
74
57
56
61
54
54
52
53
63
57
54
50
52
53
48
1285
58
149
55
57
68
63
65
65
72
76
64
62
54
57
52
51
49
61
51
51
71
74
54
58
54
64
51
64
50
61
51
49
53
53
57
60
52
53
87
78
63
54
762
49
50
66
65
59
52
127
55
80
64
50
64
50
112
115
68
115
63
245
58
134
56
58
62
60
58
42
55
67
641
56
58
69
56
57
304
54
60
49
70
94
54
53
52
51
57
56
62
73
115
53
50
54
55
393
74
54
49
1670
456
52
92
55
52
51
53
48
55
57
63
59
59
95
63
114
52
79
54
50
54
54
47
51
60
51
53
56
53
55
55
63
49
61
54
56
53
51
105
62
104
79
53
56
52
57
65
56
60
53
54
60
53
54
335
53
69
60
56
51
51
105
61
57
64
56
53
57
54
52
50
48
50
53
48
51
51
53
50
55
64
94
58
59
48
55
99
90
56
50
53
56
51
55
167
56
61
503
60
56
80
52
53
96
58
49
50
64
117
68
225
55
56
49
60
67
66
64
731
56
47
54
50
65
57
74
52
69
60
56
72
69
210
261
67
53
60
55
57
54
60
60
57
47
49
54
55
76
57
56
64
57
56
53
57
56
55
53
57
92
66
54
55
52
391
57
53
57
51
53
59
60
63
62
58
57
54
64
54
127
56
50
124
50
52
55
54
58
53
52
61
48
47
59
69
100
70
75
277
58
55
49
51
57
56
59
54
52
76
51
47
52
123
59
62
441
36
49
246
203
56
59
66
58
54
50
51
55
62
52
49
54
58
59
53
51
90
53
58
73
87
110
105
57
54
90
74
941
50
54
58
54
72
56
61
52
52
58
115
52
50
57
55
62
62
53
47
66
118
55
111
140
54
49
51
52
57
64
52
53
62
1529
52
52
52
52
54
59
50
51
54
58
118
106
57
58
57
67
94
50
56
49
51
55
51
77
54
54
73
181
62
58
60
53
67
56
71
68
49
53
92
52
58
49
53
56
61
61
52
58
75
54
57
53
61
57
57
54
63
72
60
52
101
510
443
412
124
52
58
56
78
55
61
62
67
55
55
52
52
52
63
51
92
55
47
66
57
58
62
59
87
141
58
57
70
311
56
57
152
82
59
54
55
52
65
71
54
57
59
206
49
51
57
75
61
52
51
60
56
48
218
59
62
56
54
87
53
53
66
53
128
61
55
72
52
54
49
58
76
58
61
53
53
55
53
54
75
51
62
177
76
66
159
80
129
527
51
56
54
59
58
52
83
79
53
54
55
57
53
64
54
75
64
52
63
57
53
53
59
49
52
51
123
56
62
131
61
64
64
51
75
57
74
52
52
56
57
54
49
56
47
49
71
57
71
97
58
601
92
60
74
50
51
766
48
60
63
63
62
71
57
341
51
59
50
60
46
73
52
49
55
52
65
114
50
57
49
52
122
58
50
61
50
71
93
62
61
1683
59
52
58
54
50
53
38
52
67
64
114
69
105
82
79
135
88
79
52
53
84
69
53
55
402
51
59
681
52
69
50
131
55
62
55
65
54
60
53
116
54
93
51
63
110
62
57
57
51
61
60
51
56
193
113
55
64
53
175
55
52
61
141
61
61
68
115
65
124
60
59
62
51
52
64
56
198
56
54
51
58
55
64
60
51
91
75
64
58
57
107
52
60
57
54
58
61
55
62
56
59
60
74
62
56
52
51
49
55
58
54
56
56
131
81
55
58
64
117
68
60
49
50
52
52
87
60
71
604
93
53
92
56
52
55
69
52
55
55
59
116
57
53
72
55
57
52
288
56
56
58
53
68
59
48
55
51
65
112
153
50
57
51
55
56
69
55
53
131
46
55
130
52
88
59
102
68
58
60
68
60
56
116
74
119
54
50
183
67
54
52
54
53
1162
60
69
62
51
64
60
50
60
53
55
53
54
60
51
55
60
64
126
67
57
50
52
57
51
58
58
48
83
48
53
49
168
53
52
60
60
452
57
49
55
60
52
55
50
62
60
50
42
56
94
48
199
543
879
1487
130
685
48
49
40
52
62
52
132
77
56
56
57
53
63
54
1403
830
55
55
50
49
48
53
57
49
53
67
60
57
59
49
50
58
66
59
78
52
63
53
71
58
52
54
56
46
53
62
57
49
49
56
52
52
60
55
46
54
48
46
53
59
52
56
100
56
55
74
58
59
49
60
57
56
247
239
52
208
57
55
57
53
52
49
51
58
51
56
55
51
54
52
119
67
102
116
69
68
55
145
54
68
56
190
57
54
53
58
77
52
54
56
57
54
52
55
57
55
57
52
58
55
49
58
92
49
54
50
195
54
52
52
71
125
52
52
60
57
55
118
65
51
61
90
55
49
54
58
77
111
59
67
548
58
54
179
58
58
87
66
50
57
51
54
56
72
72
50
146
54
64
89
308
56
56
58
60
64
59
65
73
66
58
50
60
50
750
61
55
126
62
56
53
52
100
57
102
52
56
48
58
55
54
126
48
61
59
52
58
56
55
58
55
53
126
48
53
52
60
103
110
60
57
50
60
51
50
46
52
54
73
56
53
57
58
58
54
56
49
82
71
65
56
93
53
56
58
56
56
51
53
48
50
62
53
52
48
49
64
460
462
56
57
108
51
58
49
49
51
53
61
188
66
50
62
224
53
70
66
54
55
51
54
56
58
79
56
49
65
105
114
97
58
60
55
70
63
68
67
531
56
60
852
61
65
58
49
58
55
50
56
79
58
48
50
78
101
54
60
56
81
59
58
327
481
67
53
62
50
183
63
187
53
53
48
52
51
53
51
58
52
53
63
60
62
56
60
69
53
52
56
57
67
61
55
56
52
54
59
61
65
58
55
54
58
58
69
53
94
61
56
56
53
69
66
55
49
59
52
55
113
53
56
47
56
52
51
53
55
368
61
80
53
58
57
56
637
55
62
108
68
129
98
72
57
108
55
55
61
58
50
51
52
61
62
64
61
65
51
60
52
51
52
65
60
63
327
52
59
50
48
62
55
288
55
54
54
56
54
63
60
53
62
56
66
55
54
52
60
51
62
53
54
58
74
51
56
56
66
54
52
56
58
57
53
58
59
55
56
65
55
57
56
53
50
50
59
206
50
65
59
54
51
131
48
57
130
57
67
62
61
54
68
171
67
58
66
108
86
176
106
57
56
52
64
57
84
50
54
67
73
73
52
55
51
76
71
55
58
56
55
74
60
59
63
58
50
69
87
56
53
50
65
70
55
67
50
80
48
56
50
179
59
59
60
155
60
54
58
49
50
54
52
50
46
55
55
108
54
47
59
53
54
57
91
166
84
99
76
351
101
58
54
63
88
88
56
59
54
53
55
59
54
58
56
134
52
52
55
73
62
69
55
62
61
69
60
134
57
57
60
78
86
54
64
63
65
77
52
64
61
55
54
62
59
53
51
51
56
53
56
59
59
75
104
57
53
68
72
51
74
121
55
62
54
100
27
157
52
53
54
47
61
49
48
54
51
65
55
54
112
50
51
50
52
53
50
53
58
402
47
48
51
113
89
55
60
58
53
68
50
52
52
55
58
51
49
65
53
73
70
79
65
56
2450
59
58
51
61
99
70
59
316
80
52
139
53
61
74
65
78
75
53
60
67
61
346
53
57
76
73
49
63
50
61
1004
93
75
55
65
52
60
73
72
57
188
78
69
90
65
55
49
50
188
52
65
54
53
54
75
53
53
53
51
52
80
52
332
356
51
52
65
56
88
104
59
105
87
67
115
121
54
86
60
53
58
225
60
58
78
58
58
56
53
61
65
46
148
70
59
925
53
203
686
895
549
65
158
50
62
57
64
107
62
87
56
49
1500
54
68
104
51
114
211
56
48
197
52
54
50
111
61
55
54
55
49
55
63
69
52
54
65
55
304
94
61
148
55
63
67
61
53
55
70
53
69
687
58
63
117
109
52
62
53
55
52
54
60
55
56
54
103
71
97
77
58
57
60
55
64
58
47
49
49
56
49
57
54
55
56
51
48
62
60
84
59
58
72
47
113
149
54
55
55
193
100
244
73
95
54
58
59
57
695
55
58
58
59
622
58
60
57
61
58
58
66
77
61
71
120
49
54
58
58
61
60
62
72
67
54
99
85
127
77
48
108
84
50
58
52
97
53
72
55
69
53
52
49
53
71
56
53
734
61
65
59
55
51
49
440
52
56
50
62
70
49
50
49
54
109
56
51
61
116
61
51
59
57
58
48
52
59
120
52
56
81
63
55
60
55
60
644
52
51
47
55
50
1042
50
197
52
59
54
84
75
70
866
52
53
55
56
59
62
65
141
89
63
61
54
62
52
85
59
64
54
58
61
56
52
141
56
55
59
55
55
70
61
62
53
895
55
62
52
61
114
56
61
55
51
87
51
66
96
61
63
142
361
492
242
642
93
64
51
60
58
735
113
47
47
54
53
54
60
51
56
72
50
63
65
46
54
70
56
52
54
464
54
53
54
56
63
65
60
65
67
57
58
67
61
68
63
61
84
61
52
48
51
53
52
60
68
51
66
50
60
104
96
55
57
50
53
53
56
48
54
68
48
112
55
50
58
47
92
58
61
70
80
59
69
55
52
53
53
56
53
53
55
53
53
56
68
58
80
57
322
52
50
60
87
63
162
53
1881
55
52
50
52
77
49
53
69
60
53
49
56
56
56
54
74
59
60
64
50
66
49
56
54
84
131
56
59
52
58
57
55
51
58
54
57
49
55
90
53
521
55
55
55
56
132
64
55
72
56
54
53
181
75
48
52
52
51
65
62
59
57
61
53
105
48
791
77
53
58
59
59
52
50
60
57
49
50
91
88
201
63
53
71
104
62
51
97
58
60
58
55
57
47
51
63
50
53
74
59
125
65
71
50
54
70
55
58
50
74
57
54
50
53
64
83
54
55
47
56
92
51
97
70
68
54
56
58
58
53
51
53
73
64
52
52
52
53
50
52
49
48
641
258
48
56
70
116
73
65
55
58
60
53
63
262
49
54
55
59
80
50
52
55
51
53
57
55
123
58
55
63
64
59
283
60
127
53
119
58
56
62
58
50
58
60
53
64
50
54
50
61
49
130
56
64
131
59
69
59
173
47
82
52
71
61
56
211
62
67
56
67
47
51
58
130
57
56
50
60
52
54
49
58
59
114
65
67
106
76
63
53
65
110
115
56
59
61
64
57
59
62
59
47
65
66
47
60
53
56
54
62
58
58
53
63
53
55
58
318
78
53
68
52
60
66
60
61
62
56
63
57
54
53
59
589
59
82
51
57
56
1927
56
53
99
48
53
49
53
58
57
65
412
42
78
65
70
142
63
88
76
53
57
58
61
61
54
48
58
55
65
55
61
57
67
49
57
170
51
62
59
57
55
52
60
55
59
64
56
100
89
72
57
49
50
51
729
49
53
55
451
50
791
80
64
52
55
54
70
60
55
81
54
75
53
57
52
49
89
52
54
61
76
98
66
79
122
76
55
64
52
56
59
52
48
58
65
44
55
51
45
58
237
681
53
74
61
651
48
373
47
1247
55
60
55
67
4198
69
53
49
1853
85
115
191
902
53
57
62
56
64
54
769
52
51
115
861
58
52
51
51
69
464
88
76
50
88
733
57
60
63
47
89
56
50
52
49
78
55
54
62
50
57
76
50
49
54
55
75
57
45
46
59
58
51
50
764
58
51
1457
52
490
69
57
56
57
61
57
22
62
56
55
54
51
72
54
75
50
58
61
80
56
65
97
119
68
56
54
471
172
127
54
58
60
56
122
52
61
77
58
62
143
55
62
51
54
66
52
55
50
437
70
58
53
63
59
51
59
61
59
56
59
55
49
65
79
60
53
67
56
59
52
59
59
56
72
70
59
406
175
57
80
59
49
81
74
54
52
119
58
58
58
47
50
56
64
51
62
60
90
50
49
51
54
60
53
54
60
61
52
85
56
53
53
53
47
49
53
54
49
54
54
50
52
58
54
62
51
51
64
55
55
54
55
56
54
118
81
130
51
73
121
52
109
53
153
