157
28
28
27
29
51
27
28
26
28
27
26
26
30
27
27
27
27
26
26
30
28
27
29
29
26
26
26
27
29
26
27
107
27
27
47
236
28
26
29
133
29
23
27
26
26
23
29
26
27
27
26
26
29
90
228
47
30
29
27
29
27
18
27
35
43
52
29
313
29
30
34
73
57
62
29
27
28
28
28
28
27
108
155
27
28
26
27
26
27
28
40
45
28
26
27
30
27
26
50
29
27
30
27
77
29
26
28
27
27
27
28
72
27
28
29
36
45
27
43
28
28
28
26
28
55
29
29
27
422
29
30
29
116
36
40
29
30
29
95
127
28
123
88
322
49
28
29
15
26
28
26
29
27
26
28
38
37
35
39
29
218
33
56
30
29
32
95
76
235
27
29
30
26
26
29
28
30
26
273
42
35
80
33
36
29
26
29
26
30
28
27
28
29
31
30
29
29
28
32
27
41
29
28
26
29
26
27
26
65
67
53
32
59
37
26
43
57
32
29
28
27
26
27
26
31
32
28
27
182
39
20
32
33
28
30
237
62
117
42
29
26
28
28
29
27
26
62
30
17
26
111
124
75
30
29
29
33
26
26
29
33
30
27
27
26
27
26
28
30
27
917
62
126
187
38
323
106
30
61
185
28
26
29
28
28
27
28
89
27
26
27
27
28
27
147
86
87
120
147
27
26
26
26
27
21
31
24
31
28
48
25
26
28
26
27
27
27
26
32
73
31
30
27
29
26
28
27
28
24
29
29
34
276
192
681
118
26
29
26
148
28
28
30
26
315
52
48
42
26
27
28
50
42
28
28
30
90
28
27
31
29
27
27
28
28
351
26
29
28
29
27
69
28
22
26
27
134
26
27
27
28
26
26
26
56
58
29
58
28
29
27
29
96
45
29
26
113
26
28
28
147
26
144
26
44
35
26
27
67
177
54
41
28
30
30
29
26
26
26
27
28
83
78
33
32
27
59
131
28
26
29
56
35
31
29
27
137
114
60
31
21
34
43
97
27
26
26
57
28
28
28
28
28
55
27
28
28
31
26
27
31
26
111
82
357
284
17
38
84
26
28
32
26
30
26
28
187
27
28
27
29
27
28
28
26
29
208
29
26
27
77
29
41
26
27
28
30
26
26
28
26
28
30
26
39
26
79
34
79
37
46
27
28
40
58
29
29
28
30
27
132
30
36
44
24
24
26
145
29
26
29
27
28
30
117
27
74
26
26
27
26
28
27
28
29
29
28
379
126
1816
38
26
20
42
40
117
161
59
27
74
32
29
65
29
26
26
27
26
26
26
27
29
26
40
27
27
54
32
26
108
31
26
29
26
27
29
27
27
28
27
27
26
28
27
28
28
28
35
42
27
175
47
31
27
26
28
30
27
29
104
69
152
28
27
27
74
72
28
27
29
29
27
30
28
30
29
28
87
27
30
27
30
27
27
26
27
30
26
28
26
28
30
31
44
207
43
78
26
27
77
29
27
26
15
88
27
26
100
92
28
30
28
26
26
26
26
27
26
78
27
27
27
43
70
29
20
26
27
28
31
29
27
28
30
31
62
81
29
31
27
26
30
28
28
42
477
18
90
38
29
28
27
29
27
59
53
28
28
27
90
26
29
28
217
28
30
26
38
30
28
28
60
38
29
29
29
26
27
28
26
29
28
27
134
26
30
28
307
30
27
27
29
52
32
45
251
466
58
145
672
27
26
26
35
27
24
29
29
28
31
28
28
29
27
408
27
30
29
100
27
27
29
26
28
33
26
26
28
34
26
28
26
27
26
35
27
27
27
28
28
143
27
31
56
92
29
67
28
29
136
27
26
29
29
32
30
27
28
29
38
32
28
26
26
30
27
22
43
43
57
29
305
59
69
123
47
30
38
90
45
238
187
41
32
30
45
624
30
110
28
27
29
27
28
26
32
26
27
29
30
28
28
27
27
19
61
27
28
26
31
56
26
29
26
30
26
26
31
28
29
29
31
97
26
35
41
27
27
31
56
27
32
26
27
26
26
32
47
46
29
26
27
29
54
27
28
27
164
29
27
26
29
28
29
26
27
30
29
27
29
30
29
28
26
27
27
26
32
43
29
29
28
26
27
29
28
182
30
92
26
35
15
27
65
30
28
28
173
27
29
26
27
27
27
28
26
32
146
1109
31
27
42
26
29
22
30
27
27
70
26
29
90
39
29
27
28
26
28
27
19
40
329
87
27
233
88
30
26
41
27
29
26
189
109
28
30
37
123
30
30
45
32
45
29
70
28
29
28
29
21
1230
28
26
26
27
27
31
28
27
27
28
26
16
78
26
27
27
26
27
26
26
27
28
28
125
27
25
26
30
28
27
29
29
261
28
27
26
129
133
27
29
27
26
62
97
27
22
21
26
26
27
27
29
27
26
97
27
22
21
26
26
27
34
28
26
27
29
28
29
27
28
29
144
29
26
201
27
190
28
27
27
290
1142
678
29
55
51
28
297
86
28
26
31
29
26
26
26
364
31
30
28
26
27
27
27
29
28
24
28
26
26
116
27
26
29
29
26
27
26
26
26
26
46
26
28
30
26
32
26
34
108
504
1592
1014
29
29
104
26
28
27
27
26
77
24
26
29
26
26
28
54
27
53
27
27
313
37
26
30
28
27
28
28
30
174
23
80
50
108
286
49
78
102
103
28
37
29
26
25
26
26
27
21
26
27
30
28
26
31
28
45
29
56
58
89
29
29
26
79
26
27
28
27
26
28
27
27
31
26
26
27
28
27
31
27
25
48
115
20
153
44
29
104
27
27
28
67
31
26
29
164
33
27
28
69
27
1597
264
27
54
156
409
27
113
71
27
29
26
28
27
48
26
37
26
30
28
27
30
90
30
25
27
29
28
26
38
27
38
26
26
27
27
30
26
301
26
58
26
42
51
105
57
30
29
30
32
292
34
30
73
26
27
29
30
26
28
28
26
72
40
28
28
26
29
35
30
28
28
26
28
60
33
33
29
26
26
27
22
28
26
29
30
70
29
28
57
29
116
81
58
44
31
56
26
89
26
27
87
59
26
29
28
56
29
26
27
29
27
26
107
28
30
29
27
30
30
26
30
26
26
28
27
27
26
32
169
29
48
28
30
21
27
28
28
26
26
29
61
53
169
54
303
30
29
38
29
37
63
135
127
49
42
28
66
1775
26
27
29
62
47
28
27
29
32
28
27
28
26
27
26
24
36
67
41
59
142
24
27
28
24
33
19
67
29
30
29
41
80
453
163
31
29
29
84
30
29
29
26
29
27
26
27
27
26
26
26
265
30
27
27
28
186
264
30
28
27
29
97
90
29
29
36
41
29
28
99
30
113
28
27
27
28
81
27
27
38
28
30
17
21
35
26
26
28
32
28
23
22
26
50
27
64
27
27
24
26
28
28
28
26
28
28
238
27
27
26
30
126
27
29
46
16
27
28
27
26
29
28
28
26
29
27
31
29
28
28
29
27
30
29
27
26
29
28
29
26
28
20
27
27
19
58
97
99
26
22
182
513
24
29
28
28
27
49
26
287
28
26
65
27
27
48
35
18
42
27
28
26
26
26
26
28
44
20
56
46
75
51
209
134
187
26
20
45
28
29
121
37
38
51
29
29
28
29
30
29
27
26
29
97
26
28
39
57
35
27
317
26
29
27
28
26
27
26
29
125
27
85
42
255
30
29
30
29
29
38
30
26
26
29
382
239
145
111
211
96
38
105
30
29
29
27
27
28
29
26
28
57
28
26
26
28
26
29
29
21
50
66
35
30
27
28
28
26
27
234
30
29
29
32
26
26
26
26
26
29
26
30
26
28
27
26
27
95
28
29
31
56
41
50
27
27
26
27
87
30
29
30
30
26
29
26
26
27
26
27
27
26
87
26
31
40
27
26
26
29
27
29
26
20
27
26
40
28
30
29
27
27
362
1013
278
46
27
31
33
28
26
30
292
27
35
42
26
38
48
27
26
28
26
30
28
28
27
26
27
26
15
27
31
29
27
30
28
31
29
27
27
26
29
71
26
29
90
31
26
26
31
28
29
41
28
28
28
27
27
26
26
26
28
27
27
29
110
55
60
81
28
72
26
28
30
73
98
42
71
27
29
180
212
48
28
28
27
119
128
59
182
105
29
26
128
26
26
26
26
26
26
26
28
37
47
30
30
32
30
44
37
47
28
28
26
26
28
28
26
27
28
28
24
26
29
26
27
26
28
26
28
28
27
26
26
29
43
27
29
29
26
27
27
26
28
27
44
29
104
27
28
67
31
26
26
27
27
26
28
29
44
29
104
27
28
67
31
26
26
27
27
27
27
26
26
26
57
31
28
56
26
27
55
1333
27
27
25
82
29
27
27
26
18
64
29
29
26
26
26
27
153
164
29
29
28
26
27
29
33
31
15
62
29
26
28
47
49
63
36
30
32
35
208
35
26
28
29
26
54
28
26
26
29
27
27
30
237
29
48
26
26
20
27
29
30
30
38
26
29
28
29
28
28
115
49
39
26
27
27
26
26
28
27
26
28
26
28
384
31
25
27
27
28
29
28
28
26
27
29
28
27
66
21
83
28
26
27
26
27
28
32
34
119
55
54
44
61
52
31
88
29
82
59
27
26
27
67
28
26
28
32
26
27
27
29
29
27
30
30
32
29
47
115
64
26
26
30
27
117
46
29
29
26
28
26
28
32
31
29
48
26
28
26
29
29
27
33
28
27
42
33
28
27
27
24
27
30
26
18
26
27
29
27
29
48
27
85
28
29
46
115
27
28
27
111
437
26
30
136
87
26
61
26
172
29
60
27
27
26
29
29
27
27
45
52
206
131
41
28
27
90
27
28
35
28
26
27
44
29
26
29
65
27
29
26
62
26
29
48
29
29
26
26
28
257
30
56
27
26
27
30
29
26
52
42
27
28
29
30
29
26
28
48
30
32
28
26
27
26
30
50
59
26
27
27
28
27
26
60
21
31
36
28
28
26
65
78
135
29
114
31
27
29
38
192
114
27
477
26
30
26
26
27
44
50
32
97
30
30
57
41
238
27
71
27
26
26
29
27
29
57
76
37
27
30
31
28
26
26
27
26
26
26
28
598
69
94
153
29
27
26
30
39
39
56
24
70
27
27
30
26
28
38
313
222
28
28
74
28
28
27
27
39
31
29
27
30
26
28
29
29
29
26
29
29
27
26
27
31
64
28
28
27
29
27
26
28
28
119
257
29
27
28
31
27
42
44
29
106
66
45
57
37
98
38
32
27
26
26
201
28
30
58
129
27
29
84
27
21
27
1824
125
29
34
101
26
26
30
31
26
30
26
30
27
27
30
32
133
27
29
101
29
41
26
27
32
27
28
26
27
28
43
30
37
26
42
85
19
26
28
26
26
25
42
88
20
36
26
27
110
27
28
29
26
26
27
28
27
27
29
26
26
31
29
31
28
28
27
19
31
33
29
26
97
29
26
27
29
30
29
26
28
57
29
26
57
42
31
26
27
26
28
27
27
28
31
26
15
29
30
39
29
26
27
27
27
26
27
27
27
83
26
185
55
50
28
30
26
28
241
29
63
28
206
285
71
113
61
26
27
24
21
27
36
33
27
36
42
33
28
47
255
26
28
27
29
30
27
39
28
29
35
36
28
26
28
26
28
27
29
27
31
91
33
26
26
98
92
29
33
66
60
27
28
28
28
84
282
32
216
30
29
26
84
29
27
306
28
26
30
84
28
28
26
27
27
30
28
24
26
30
26
25
28
28
31
26
89
26
28
27
65
26
28
27
26
26
27
29
27
27
30
64
26
27
29
27
27
27
27
27
28
31
55
28
28
26
27
257
20
48
45
26
93
30
42
72
27
54
26
31
27
27
26
26
68
26
26
27
26
26
27
27
29
28
29
26
28
26
29
27
29
28
29
27
385
26
164
27
30
26
109
29
26
27
24
28
28
61
57
27
26
40
30
152
29
26
26
29
26
30
27
27
28
196
30
32
28
29
28
56
20
28
27
128
26
26
28
21
29
28
27
28
29
47
24
63
27
21
429
186
40
214
56
112
210
491
53
37
36
47
35
37
38
793
92
58
265
29
93
47
15
26
27
27
31
26
26
38
26
27
29
29
28
26
35
26
27
37
28
40
29
26
27
56
26
29
29
29
39
28
26
53
52
26
26
26
27
26
55
28
26
26
29
69
63
31
618
161
65
668
37
31
30
50
27
30
30
27
26
28
28
52
30
31
27
22
26
53
26
28
26
187
23
28
36
52
222
97
88
29
26
26
27
26
28
28
32
82
107
29
28
1410
56
277
210
57
54
59
28
28
26
27
27
29
54
29
60
28
27
108
19
30
22
30
27
28
28
134
26
27
120
27
14
29
27
29
36
28
27
29
28
76
29
26
62
29
30
132
30
60
26
28
55
27
26
28
30
29
221
28
40
430
68
67
68
29
56
148
302
380
101
209
511
31
26
28
30
27
26
26
28
27
26
61
275
28
27
36
28
28
30
31
29
33
30
29
39
26
27
28
26
26
27
31
28
28
27
28
28
26
29
26
26
27
28
29
29
82
28
26
26
27
26
56
42
31
44
104
26
60
47
29
27
29
29
26
26
27
28
28
27
29
26
28
31
26
154
32
48
36
41
29
28
27
28
29
29
27
27
26
27
27
104
27
35
27
61
26
28
26
30
27
29
38
29
120
30
15
27
68
27
27
31
26
29
26
33
29
29
30
26
26
29
40
62
26
29
24
28
28
27
27
60
27
27
29
27
29
26
26
26
26
136
104
22
31
29
28
27
26
26
57
73
26
26
28
29
27
27
29
30
26
26
83
26
26
26
57
27
26
26
28
24
24
30
21
27
27
27
27
27
29
28
29
29
27
29
29
51
136
30
29
29
28
29
26
56
28
29
26
45
20
53
28
31
31
131
50
41
27
29
29
28
28
27
28
28
28
27
27
26
29
94
155
30
29
30
27
44
86
26
28
26
32
51
26
26
30
29
30
29
26
28
21
29
21
27
26
27
33
21
29
21
26
27
28
26
27
121
27
27
27
28
26
26
27
26
29
137
110
26
26
27
28
37
26
26
26
27
30
38
155
31
18
28
39
17
190
30
26
27
26
27
27
78
28
68
26
28
45
26
26
51
26
40
45
114
26
30
158
110
28
29
61
60
146
27
27
31
26
27
148
26
27
28
26
31
26
28
27
26
71
47
31
30
128
484
26
26
116
441
155
26
30
132
141
57
137
64
29
41
75
33
30
28
26
26
27
26
27
27
28
44
79
186
103
104
21
21
21
33
24
24
24
27
33
26
29
27
28
18
27
46
42
26
102
30
35
205
22
29
27
38
62
75
195
27
26
29
27
29
27
26
28
28
26
29
28
15
26
28
28
28
29
26
71
29
155
29
29
92
26
26
28
28
152
117
29
27
29
31
29
30
29
29
27
28
28
28
29
26
28
31
27
27
26
27
39
26
26
29
27
30
31
27
27
21
51
62
30
27
41
27
28
26
28
26
214
26
22
26
28
128
26
27
30
23
30
26
40
36
29
27
26
27
28
52
148
27
26
29
29
123
29
37
30
186
36
127
70
29
30
41
28
30
27
26
190
46
29
27
26
65
28
27
27
26
27
72
26
28
15
29
29
30
22
97
28
28
36
28
26
29
42
41
207
28
26
32
18
111
48
32
26
29
26
28
30
38
111
28
24
66
211
23
32
26
26
101
165
65
26
28
29
30
27
30
28
75
27
27
19
27
27
26
29
27
26
26
315
28
27
28
52
120
233
65
159
41
21
83
83
175
18
29
27
27
26
27
28
58
78
30
27
26
28
28
29
26
118
24
26
46
27
29
27
28
42
29
86
81
31
26
61
95
122
64
198
26
23
28
30
25
42
28
29
27
28
27
28
29
26
27
64
21
31
28
26
28
28
29
27
87
65
27
27
27
26
26
78
26
27
31
30
38
28
29
24
26
27
26
28
162
53
270
59
30
257
60
44
49
29
38
26
27
129
29
29
30
31
30
27
28
29
26
28
27
28
27
53
26
30
27
27
31
27
26
28
26
28
28
28
28
27
28
30
39
236
94
194
112
19
68
39
199
33
56
46
26
24
24
24
33
27
24
33
30
30
39
21
36
39
30
33
33
24
39
24
30
36
109
31
476
29
33
31
29
46
158
30
46
42
152
227
42
26
29
365
29
28
83
27
28
28
74
27
29
237
59
26
51
28
31
28
27
27
27
26
26
176
31
129
28
60
40
30
43
26
80
26
27
27
31
26
200
37
30
29
44
19
35
33
31
225
30
26
54
26
30
26
29
47
94
27
28
26
60
27
26
27
28
29
28
30
26
27
26
29
29
26
26
50
26
28
48
29
99
27
26
29
29
44
28
28
26
28
27
26
30
28
28
28
75
29
18
27
29
43
28
28
27
26
19
27
21
28
173
29
26
56
26
29
26
26
30
27
28
26
26
72
27
29
32
26
29
27
29
41
28
197
26
30
29
30
26
25
28
26
306
292
30
27
30
92
93
176
31
27
29
50
18
32
29
31
29
26
26
28
28
27
27
28
28
31
30
27
28
26
26
27
26
27
27
29
27
67
121
167
286
113
56
565
164
28
29
28
29
43
26
28
26
27
33
27
27
54
28
28
26
26
28
39
124
39
62
49
28
28
28
40
28
26
28
29
27
29
25
36
29
36
41
76
26
26
27
26
44
51
29
30
28
27
27
27
27
28
28
258
337
405
27
55
164
84
198
555
106
28
43
27
29
28
26
27
27
29
29
29
26
26
28
26
28
26
26
28
27
26
100
36
26
60
26
29
28
27
26
29
39
30
36
65
30
31
45
104
461
193
30
27
26
29
27
28
27
26
29
29
26
29
27
28
28
27
27
32
41
26
28
26
33
38
29
30
29
30
27
50
26
26
27
26
27
163
32
42
59
36
34
28
28
28
26
28
24
29
26
67
28
31
116
30
28
29
388
63
27
156
29
46
34
25
28
29
28
27
28
29
27
26
49
51
29
146
31
208
33
29
40
47
22
26
26
50
27
74
46
26
26
78
31
26
27
26
27
130
30
27
27
29
30
29
28
27
28
29
29
26
28
32
27
141
32
41
32
189
26
28
26
29
26
26
27
82
27
27
28
29
89
45
61
26
31
39
28
28
27
30
26
27
27
27
104
28
29
26
28
31
35
28
31
28
26
28
28
88
26
152
29
26
572
29
20
26
30
27
29
29
26
27
26
27
30
27
26
29
29
30
65
27
30
78
27
30
244
28
27
28
66
29
41
29
30
29
31
28
27
27
29
36
42
29
27
30
27
29
27
28
26
27
31
27
31
26
26
29
28
27
29
29
27
27
74
26
41
24
27
30
41
52
26
27
27
28
30
27
32
29
36
29
29
28
29
27
34
26
29
27
26
27
89
27
31
62
28
26
56
26
26
27
30
27
52
29
28
17
44
28
23
26
26
28
63
29
27
39
29
74
20
25
28
29
28
27
26
26
27
27
271
26
99
27
314
40
28
27
27
26
33
65
34
62
28
27
26
30
31
107
27
26
26
24
110
31
121
20
184
26
24
27
31
121
20
184
349
32
26
28
26
21
89
187
28
24
15
33
28
27
53
28
45
50
62
37
26
26
27
145
26
27
26
26
26
26
29
38
26
29
26
27
26
228
50
244
46
26
83
28
102
26
26
28
26
28
27
26
28
26
72
32
29
169
42
329
32
26
26
62
32
238
27
189
29
66
93
37
135
53
31
35
59
74
28
28
27
25
27
39
27
27
33
31
113
248
514
26
29
108
30
79
798
59
131
27
28
29
28
28
29
28
56
28
84
31
41
28
29
50
29
64
26
24
30
31
89
102
28
22
27
27
28
27
28
26
32
26
39
283
26
27
26
333
305
28
26
42
28
27
28
33
14
90
26
29
29
54
28
26
29
26
29
28
27
31
27
27
26
30
30
31
27
28
26
26
27
26
27
26
29
30
28
30
27
33
26
26
26
26
110
27
50
27
26
101
45
27
27
37
27
68
29
62
27
28
28
30
30
30
28
270
26
54
26
28
26
112
27
29
45
40
17
28
29
26
30
274
29
26
27
31
28
27
27
112
52
112
120
305
26
27
26
28
28
27
26
27
27
26
28
29
26
37
32
29
28
267
299
26
111
26
29
24
26
26
26
26
26
28
26
54
31
48
35
29
27
42
27
22
86
25
31
26
92
42
42
195
24
54
26
31
28
26
27
26
30
26
28
27
29
26
39
31
161
147
28
26
26
30
23
28
54
29
25
26
29
27
33
30
28
29
101
32
24
21
27
26
28
26
24
28
28
27
27
29
29
31
28
27
26
27
28
29
30
26
180
28
29
29
27
83
28
40
242
432
46
27
28
44
28
31
30
26
78
325
35
69
35
75
110
48
29
27
28
29
82
71
26
29
48
29
20
29
28
28
30
27
92
24
28
27
26
27
26
27
28
108
73
72
29
63
21
128
36
30
27
27
181
26
30
30
26
31
26
31
28
22
30
27
51
36
27
27
30
35
26
27
26
29
31
27
30
38
29
27
133
28
30
18
29
41
26
27
29
128
26
26
26
29
32
31
142
34
58
69
28
44
37
74
62
24
26
27
25
29
129
28
45
44
191
104
28
225
26
28
26
36
29
40
27
29
27
27
44
53
27
217
31
26
344
54
249
29
17
28
21
119
92
265
87
418
508
28
23
28
27
26
29
26
86
44
26
28
27
27
28
28
27
29
27
26
26
28
27
26
26
28
357
28
26
294
27
27
26
63
30
110
204
56
40
30
27
28
103
27
27
28
42
46
30
26
50
26
27
28
27
29
246
64
31
27
29
47
27
27
30
82
57
31
27
28
28
44
27
30
29
29
28
40
27
26
26
29
26
27
28
26
26
29
29
31
40
27
26
26
29
26
27
28
26
26
41
29
50
172
83
48
42
31
42
39
44
26
30
26
28
28
141
29
24
26
28
27
28
28
111
36
26
28
28
32
27
29
89
27
28
27
34
36
39
35
24
30
27
26
26
29
21
52
28
31
30
27
29
27
26
28
27
29
32
29
27
26
21
26
26
26
196
88
62
117
26
28
54
30
70
29
27
27
22
29
28
26
20
28
132
73
42
26
72
24
27
29
27
28
28
27
27
27
27
28
26
26
29
17
90
60
76
27
29
26
32
29
60
29
28
31
29
27
26
80
30
29
31
27
28
40
51
27
86
24
26
26
31
27
27
26
30
28
29
26
27
28
33
28
27
26
30
36
59
27
26
31
28
26
31
28
56
29
28
27
29
27
28
27
26
28
26
44
43
27
29
109
41
29
27
26
56
73
28
47
26
26
61
34
28
33
32
26
25
27
161
27
66
46
30
27
26
30
26
28
29
27
25
27
31
62
35
29
113
29
31
45
26
29
28
28
28
27
26
26
31
28
29
29
28
27
45
28
26
26
26
26
34
93
277
61
29
221
43
97
54
301
47
538
174
275
380
458
170
407
29
28
26
36
17
110
28
29
28
28
26
50
36
24
26
26
26
112
44
24
36
28
27
27
26
27
35
24
27
96
42
237
69
54
30
36
27
28
27
28
35
89
42
149
27
27
27
26
35
26
27
29
89
27
23
60
75
257
19
26
53
24
26
28
27
27
30
29
28
26
41
21
63
26
26
27
26
27
278
41
27
37
32
31
118
26
26
27
57
26
27
27
30
29
28
78
182
78
205
77
26
29
29
26
26
27
27
29
26
33
30
28
38
26
29
26
27
26
43
149
38
115
27
28
32
31
26
30
19
27
26
28
27
207
26
47
41
27
29
27
27
26
29
29
30
26
29
27
30
154
36
29
26
27
29
26
26
28
30
26
28
27
39
27
25
30
29
28
26
26
26
28
70
29
26
196
26
27
29
26
31
29
26
28
28
18
28
27
26
30
28
129
26
26
27
29
26
30
26
19
28
28
26
26
28
29
29
28
696
30
43
38
28
29
100
27
28
26
28
26
31
30
27
29
99
289
26
26
29
29
31
21
29
27
28
26
129
26
48
29
28
26
26
43
28
28
27
47
27
44
28
42
47
340
97
44
29
29
30
26
30
27
54
80
34
26
154
26
28
26
28
58
39
27
28
57
27
26
27
27
28
27
32
28
29
30
31
26
28
29
27
29
26
31
28
26
26
26
26
26
107
39
52
29
27
59
28
28
28
27
162
50
27
28
27
28
26
27
28
27
29
27
51
28
26
26
26
28
34
27
27
27
27
32
26
30
26
28
30
27
30
29
56
36
113
29
47
26
26
26
30
29
26
28
29
26
26
27
29
30
27
29
86
129
53
30
29
27
27
28
28
27
26
26
26
107
27
28
31
27
29
73
29
26
26
27
29
30
66
31
146
425
27
28
28
28
38
74
26
26
28
74
32
29
107
26
26
29
80
129
29
28
26
28
27
26
29
204
36
56
27
30
29
20
52
26
72
27
70
29
30
26
120
29
26
18
27
28
26
27
27
29
26
26
32
53
27
27
27
26
30
28
134
250
63
26
27
28
27
27
27
26
30
28
27
27
15
27
61
28
31
28
30
31
29
90
56
28
27
28
28
129
58
33
33
30
29
27
29
27
27
264
27
24
27
26
25
26
21
78
165
24
91
59
49
28
171
29
28
27
27
27
136
29
30
27
29
27
26
31
26
26
316
29
28
27
26
27
26
28
63
32
193
29
33
71
87
135
87
69
26
28
27
29
36
252
259
183
163
72
244
66
31
262
117
27
26
26
27
27
84
81
57
28
26
27
32
26
38
27
370
26
26
27
32
27
27
621
293
27
31
27
26
26
93
30
19
27
80
27
88
166
29
28
28
26
27
29
29
26
26
29
28
329
29
28
30
26
120
26
28
27
29
27
26
83
47
507
39
27
28
26
27
28
30
27
27
26
27
30
64
26
27
26
20
26
29
26
30
26
35
26
27
26
26
27
27
28
27
18
26
29
26
28
27
28
59
30
27
26
28
468
246
261
29
31
31
26
26
29
40
341
34
27
50
373
462
28
24
60
28
26
87
111
26
26
27
26
27
28
65
93
65
37
45
31
26
28
29
27
26
26
26
29
141
125
224
104
40
131
26
24
33
61
56
27
29
28
119
28
30
91
30
27
54
27
31
29
26
29
26
27
28
27
28
29
26
29
27
31
27
27
26
29
74
115
64
28
27
110
30
30
29
29
26
30
27
28
26
29
29
27
196
29
27
27
26
26
28
42
28
24
27
71
26
29
27
29
27
31
27
31
42
27
26
191
28
31
26
28
27
51
28
26
32
48
34
179
28
29
28
28
29
27
26
29
29
29
37
15
26
26
26
40
177
27
36
28
28
28
53
54
85
29
34
153
215
60
410
207
26
26
63
30
29
33
49
38
28
28
54
45
26
27
26
26
28
471
117
286
39
195
33
759
55
29
27
27
27
30
29
26
27
26
27
26
27
27
29
36
28
30
78
26
28
26
40
22
30
28
29
27
29
28
28
59
28
27
27
26
26
22
24
30
26
29
25
26
26
27
27
83
89
27
28
69
28
26
27
26
27
29
28
27
21
29
26
26
28
26
28
32
31
29
332
26
26
27
27
26
27
29
28
27
29
29
28
26
102
295
27
27
26
28
29
28
31
31
26
30
48
29
27
38
246
75
26
26
27
30
90
90
47
89
102
167
33
28
53
38
59
31
25
28
28
32
26
29
26
30
27
93
28
29
27
29
28
27
26
26
30
29
27
26
28
28
26
32
30
27
29
87
30
28
26
28
16
26
88
125
77
28
29
28
30
29
30
27
28
99
54
28
139
29
28
154
56
371
26
26
37
184
27
36
24
26
27
35
28
27
26
132
290
588
42
24
27
104
31
26
31
27
27
26
57
28
99
51
357
355
21
26
26
26
48
144
26
28
33
28
39
26
26
26
75
26
28
27
29
27
29
26
27
26
28
28
27
32
60
27
26
28
29
29
30
28
26
72
61
207
132
24
41
27
65
27
26
28
29
29
31
27
28
27
30
26
29
26
28
29
30
39
64
29
27
30
28
26
26
28
25
20
26
27
26
26
63
30
32
30
58
26
27
27
27
37
26
27
28
28
27
29
27
28
29
56
29
26
26
27
30
28
26
65
29
28
28
29
29
28
26
27
27
26
25
34
27
26
27
27
26
27
30
196
293
63
230
158
142
1377
79
93
65
50
26
26
81
26
27
27
27
233
76
196
42
32
26
28
26
36
75
47
369
26
26
27
34
62
26
26
80
26
28
251
29
53
179
39
27
31
46
29
26
26
27
26
28
28
27
31
28
29
28
28
30
28
29
581
152
18
33
27
48
26
27
40
559
28
80
28
20
28
26
129
29
27
72
36
27
20
28
190
29
26
29
27
31
27
28
29
28
28
62
26
29
28
29
27
39
27
27
30
27
24
30
27
26
59
32
26
28
28
26
28
30
130
28
29
30
29
33
30
28
30
26
30
87
28
30
28
29
26
41
29
26
27
26
29
29
26
27
35
28
27
28
26
31
31
27
26
27
28
227
26
273
103
331
63
42
26
28
27
28
27
31
27
28
29
26
26
27
28
28
29
29
26
26
27
29
27
27
33
35
27
28
26
26
26
69
46
29
26
26
76
26
29
29
26
65
27
29
28
26
29
29
28
27
29
28
73
51
30
71
120
35
27
177
43
28
27
29
29
60
30
153
26
96
66
26
26
26
27
29
15
28
27
29
27
26
33
28
97
29
30
114
26
27
27
28
27
26
27
27
28
26
31
28
27
27
27
27
132
27
29
27
26
21
49
19
36
27
26
26
29
27
29
27
28
229
27
112
26
79
26
27
28
26
27
27
103
27
27
87
21
30
139
19
27
27
26
26
28
27
27
26
25
44
26
40
26
26
26
26
34
53
26
30
27
26
26
47
30
27
50
125
36
38
30
326
79
28
27
28
26
29
96
242
26
31
138
27
194
75
26
24
27
259
16
52
93
86
26
29
28
28
28
26
27
26
28
29
40
48
27
30
78
29
98
92
29
40
48
27
30
78
29
98
92
26
158
26
26
26
47
190
36
27
29
26
28
92
28
54
247
47
47
130
29
31
44
32
137
28
27
30
28
28
26
26
28
28
31
26
26
27
74
30
26
27
30
26
27
27
29
27
31
27
31
26
36
26
28
27
82
39
27
29
64
76
29
26
26
101
41
81
29
26
27
27
28
30
27
26
24
26
28
31
27
47
27
135
30
59
38
39
29
178
29
26
27
77
372
26
29
26
26
26
28
26
29
28
27
34
27
50
29
51
27
27
27
31
28
28
26
26
27
29
26
29
80
37
27
27
28
29
27
81
29
82
46
141
27
27
27
27
27
28
31
86
31
40
28
26
24
31
29
28
26
28
26
27
29
30
30
27
31
29
29
28
30
30
39
29
38
29
50
70
26
28
28
27
26
62
28
27
27
29
101
29
27
26
27
30
63
27
26
26
28
29
29
25
27
29
107
29
28
27
28
29
26
30
27
26
26
36
28
27
28
51
26
32
45
26
31
28
30
58
48
29
27
64
29
29
28
27
28
26
27
212
28
184
49
65
27
30
165
29
44
59
109
74
29
28
28
28
48
33
27
28
18
30
28
26
26
65
29
28
28
26
17
29
29
32
28
29
65
73
29
108
27
26
30
75
30
26
26
53
30
127
40
29
28
27
29
29
27
121
28
28
109
59
43
46
27
75
29
28
29
28
27
27
29
338
690
59
21
191
28
29
28
27
27
27
30
27
29
28
27
28
27
27
26
63
162
200
149
220
19
41
29
43
27
77
29
26
35
30
26
18
59
26
26
26
27
27
26
27
27
29
21
36
33
24
27
21
33
36
27
30
30
21
30
28
27
28
27
27
26
49
73
39
27
26
63
27
26
27
28
66
27
29
29
50
39
29
28
26
26
28
27
28
26
36
27
26
26
63
48
27
86
63
26
99
21
27
27
27
27
29
105
27
27
28
27
30
29
45
35
31
303
203
49
27
20
80
29
27
29
26
26
26
32
28
27
27
34
27
27
30
69
73
28
27
27
32
26
27
27
128
29
28
28
41
26
26
28
28
29
96
29
53
29
51
28
26
28
41
83
255
23
130
24
23
53
26
26
55
28
27
26
29
26
26
26
84
26
26
124
27
26
96
26
26
28
26
26
26
52
26
30
27
27
28
75
29
39
43
35
216
74
344
38
31
28
32
42
26
29
30
26
29
30
29
28
33
214
54
237
46
27
104
26
28
29
26
26
26
29
27
26
26
27
27
225
28
26
29
27
27
27
29
26
27
26
30
31
30
30
318
92
30
29
28
26
26
27
27
26
27
26
83
513
252
179
27
27
29
29
30
29
26
27
29
29
30
28
28
27
28
28
207
29
27
28
201
26
28
26
60
148
31
27
26
29
28
27
168
26
59
58
30
31
29
29
26
28
26
21
20
28
38
26
26
26
32
28
26
28
26
24
27
28
27
26
27
31
51
58
27
66
43
26
31
28
28
28
30
134
28
458
24
27
28
27
26
26
27
26
26
26
24
26
29
27
20
28
29
29
27
30
38
29
68
28
28
26
26
28
29
28
28
26
27
27
29
31
81
31
37
32
29
29
97
38
79
41
48
29
80
38
29
26
29
27
45
27
26
28
26
29
26
30
40
31
28
26
26
28
28
29
36
29
26
26
81
25
27
130
28
26
27
26
26
26
26
53
27
27
43
37
29
36
20
55
27
275
173
22
105
27
30
26
27
30
43
35
29
27
30
27
47
28
52
31
59
27
27
35
29
36
24
54
28
30
26
27
26
27
27
26
207
27
28
26
26
28
134
26
30
31
30
31
57
30
44
27
27
26
26
27
27
28
30
26
31
66
31
41
21
16
81
29
23
29
26
26
27
27
29
29
85
26
28
28
35
26
27
29
39
26
28
28
28
26
26
26
29
34
31
131
120
29
18
31
25
22
168
69
138
28
29
28
26
26
27
37
30
27
26
28
27
27
28
26
39
29
29
26
26
26
26
28
30
26
28
27
28
29
27
29
80
20
29
80
20
27
74
28
29
26
26
28
28
27
26
27
27
27
29
28
26
27
67
30
31
26
26
54
30
26
30
26
29
26
31
57
26
27
26
26
26
26
27
28
30
26
22
22
31
26
29
28
27
30
29
28
28
27
27
27
27
26
54
29
27
30
58
61
29
30
51
49
281
29
44
88
36
89
29
26
27
27
31
28
39
29
27
61
74
112
35
94
29
28
34
27
26
28
26
100
63
27
26
26
26
38
27
29
27
30
41
28
27
31
27
27
27
24
27
28
26
26
27
20
26
27
29
50
28
26
27
28
28
26
26
28
29
26
28
28
31
27
27
28
29
26
31
27
27
27
26
26
27
26
93
674
26
28
45
39
29
134
41
97
28
28
57
26
27
27
70
27
26
30
27
111
193
27
26
282
27
35
42
28
15
24
24
33
30
24
39
21
24
24
24
21
24
21
40
33
37
26
80
28
33
27
28
28
26
28
28
161
28
30
26
300
340
27
26
32
26
122
27
30
56
26
27
29
28
29
63
55
27
27
27
45
27
28
28
41
58
57
216
528
110
21
62
168
47
26
26
28
26
26
27
31
77
87
58
29
75
183
27
28
26
29
26
27
27
28
26
29
27
27
27
29
76
84
32
28
93
31
30
27
35
27
27
28
27
26
102
32
29
685
41
19
26
28
50
26
28
29
179
47
224
66
26
28
20
26
283
31
27
30
31
28
63
27
26
27
30
27
28
29
26
26
27
29
29
26
69
58
29
48
46
29
26
68
29
50
26
276
28
28
74
51
51
55
30
27
30
24
26
26
29
28
30
284
27
65
103
32
26
26
25
29
28
26
26
28
27
30
29
29
29
28
29
29
31
27
192
38
240
161
75
53
30
45
474
183
31
29
81
46
42
24
26
27
29
59
29
26
50
26
173
26
27
28
29
26
29
27
27
26
26
26
27
26
29
41
29
27
83
25
46
82
109
29
37
31
29
26
27
28
28
28
58
29
28
28
56
26
26
26
27
26
26
27
26
26
28
30
29
370
30
76
22
28
28
54
67
28
26
26
26
27
28
26
58
27
26
27
28
30
26
27
27
47
43
26
106
29
19
70
68
26
26
28
35
26
27
30
54
29
28
28
26
26
26
26
40
59
28
148
26
26
59
27
32
28
29
30
44
37
284
28
20
61
52
26
63
29
30
29
27
24
27
28
26
28
27
26
44
26
25
30
26
27
27
27
26
28
28
147
59
21
43
56
28
29
26
26
26
27
27
26
30
26
21
30
26
28
27
26
28
27
27
27
29
26
172
26
28
333
85
28
15
26
47
22
26
29
28
26
224
29
29
39
38
39
28
28
26
27
26
65
28
47
31
28
27
30
23
29
88
27
28
48
39
28
29
30
26
27
27
30
103
29
58
80
51
90
53
36
106
30
29
26
131
28
26
30
26
27
26
131
31
26
27
27
27
26
29
31
28
27
27
28
26
29
597
28
40
27
29
158
27
30
28
26
30
27
27
28
28
28
28
30
29
30
46
60
47
161
147
29
27
26
28
26
29
37
30
89
28
28
28
26
26
60
26
27
27
27
29
26
29
28
28
29
221
24
15
26
30
26
26
30
27
28
26
27
27
28
28
42
27
27
27
27
48
30
26
28
30
27
26
26
28
28
33
28
48
27
27
29
27
27
26
27
27
29
80
65
286
26
29
27
27
28
83
29
27
254
29
27
27
31
336
53
168
27
28
33
14
30
44
15
28
29
41
68
68
84
26
28
27
41
38
199
28
17
32
162
27
28
28
28
32
27
27
26
28
28
29
30
65
70
46
29
26
47
28
26
28
26
26
63
31
28
25
29
26
29
19
35
29
87
26
29
27
29
26
26
27
27
27
26
27
28
27
59
27
27
26
27
26
26
1057
30
26
26
64
20
28
26
26
29
26
27
27
27
26
26
29
26
29
26
26
18
27
40
277
28
65
28
26
26
101
27
31
277
28
65
28
26
26
101
27
27
64
26
30
26
27
29
27
26
28
32
28
27
27
26
84
26
27
31
27
72
59
29
26
49
27
27
26
60
26
18
27
28
27
118
26
27
45
55
26
188
309
60
28
114
527
28
26
24
37
63
93
47
30
30
26
32
28
27
27
30
28
29
26
30
100
34
32
30
50
74
29
27
24
29
28
32
28
110
119
56
230
27
24
32
28
26
68
27
148
87
27
233
88
27
19
28
120
47
44
118
85
40
23
73
28
27
27
27
26
29
29
22
27
30
27
29
21
26
26
27
27
29
217
30
28
58
29
35
48
55
45
52
30
29
46
62
28
32
175
28
206
136
171
163
87
29
28
27
30
28
26
27
49
37
27
58
28
27
18
27
29
26
27
39
29
28
28
26
29
26
28
28
31
29
26
30
27
86
29
26
28
27
53
28
29
28
27
51
26
29
27
27
30
27
29
30
29
36
29
26
29
198
27
27
28
26
48
28
28
27
57
29
27
27
26
26
26
19
28
28
27
56
29
26
26
26
72
31
28
27
29
96
95
34
29
27
60
27
155
28
27
29
30
29
26
29
28
30
26
44
26
30
29
27
59
179
26
27
27
29
49
42
180
28
29
26
29
396
720
240
168
26
29
38
59
29
39
27
104
94
28
30
26
29
32
26
26
28
1721
27
26
30
13
39
27
28
29
112
30
37
28
29
31
68
35
54
50
51
145
28
54
100
30
27
28
54
191
191
44
139
227
437
18
35
52
29
257
22
80
26
197
27
27
27
51
66
150
46
29
28
85
34
56
26
27
27
27
26
22
30
27
26
26
27
26
1052
27
29
26
28
29
26
27
28
131
108
35
57
26
27
27
27
81
147
27
26
62
131
26
27
26
26
26
26
89
27
26
27
29
27
28
101
32
29
29
31
27
26
26
120
66
28
28
29
118
26
28
95
27
27
49
28
26
28
27
24
119
36
28
52
245
120
131
22
66
27
104
29
28
26
28
192
20
26
32
29
29
27
29
249
86
247
350
270
42
111
55
133
29
29
27
40
315
27
26
32
72
86
27
79
39
31
90
53
29
39
30
29
36
26
28
26
31
28
26
26
29
24
44
28
183
81
192
31
148
207
83
55
26
26
68
30
26
124
28
26
29
26
30
29
27
27
28
26
30
28
28
28
29
28
29
28
28
28
115
27
27
29
31
31
27
26
28
27
26
75
210
29
30
27
28
29
32
31
27
29
28
30
28
29
32
160
36
28
22
26
32
27
30
28
291
62
26
29
173
19
27
37
15
39
38
38
48
29
29
30
29
77
30
26
28
30
28
81
28
27
26
28
26
27
27
26
24
27
461
16
26
31
29
31
81
27
26
27
27
28
27
26
28
80
31
31
26
27
26
29
170
96
118
27
27
66
29
30
24
26
30
63
29
29
139
30
69
27
30
26
58
60
47
31
53
35
29
58
39
162
26
89
37
80
78
57
28
93
26
52
45
83
108
317
29
202
29
27
25
207
27
26
47
28
31
22
27
26
28
84
29
29
26
27
32
27
30
26
72
26
26
26
26
47
26
29
29
32
57
30
31
29
26
71
41
26
29
30
58
29
25
20
27
182
126
20
84
29
29
89
48
26
28
128
91
33
47
30
30
28
26
26
29
26
28
136
28
29
27
27
45
24
95
39
27
26
29
26
30
26
27
29
54
66
49
45
54
65
68
28
27
27
28
28
26
93
70
27
28
26
26
272
83
29
45
28
38
27
45
27
31
115
27
27
26
29
20
41
36
71
78
39
55
27
27
29
32
29
27
28
17
28
26
31
26
59
59
26
26
28
84
28
28
26
39
27
27
26
27
27
28
49
27
29
44
29
124
30
28
27
26
26
31
29
28
30
29
28
28
59
265
142
26
27
26
25
29
26
1156
87
112
45
53
267
288
27
95
180
30
32
28
27
26
30
33
27
26
30
33
94
99
70
26
238
301
34
114
37
39
26
69
30
55
29
25
29
63
43
73
27
27
31
29
74
30
33
27
24
42
26
31
30
28
33
27
26
30
26
28
27
28
26
58
28
27
29
26
29
31
29
26
29
26
28
156
226
29
29
28
28
26
29
29
26
50
29
27
26
26
26
35
29
358
227
27
20
28
45
28
27
26
59
90
58
59
269
40
79
110
27
102
36
26
28
27
26
27
149
26
26
28
29
28
275
268
96
236
74
28
198
60
28
24
106
79
26
28
85
28
98
31
51
35
44
120
26
30
28
26
26
32
28
53
43
26
28
154
27
26
26
35
56
30
64
40
20
64
28
26
29
31
66
27
70
81
29
648
27
29
59
29
26
29
26
28
26
36
26
28
26
29
27
84
41
35
95
47
28
29
23
126
93
28
27
27
28
27
26
49
30
27
27
26
30
29
25
28
143
28
27
26
27
27
30
26
27
31
29
26
29
29
24
27
26
28
108
112
30
28
27
97
117
175
26
104
81
64
80
28
31
109
49
133
61
29
28
28
115
26
17
26
56
26
27
30
24
28
27
26
162
119
79
20
27
148
31
28
29
28
35
29
29
32
64
40
26
27
19
26
30
42
26
21
27
27
33
336
64
206
554
281
129
245
373
179
29
80
244
80
101
28
26
29
27
29
27
28
27
28
29
27
139
243
88
26
30
27
92
55
34
29
29
29
40
30
27
29
72
35
78
40
29
27
47
20
86
29
29
27
27
27
29
34
30
29
68
34
61
78
31
57
27
65
19
36
30
28
27
27
29
26
30
40
209
21
29
28
26
134
30
32
28
53
26
27
29
59
26
26
27
28
27
31
27
32
28
26
26
26
27
30
29
29
40
42
89
198
147
80
30
562
130
101
43
160
46
41
64
28
27
26
26
36
119
28
30
29
26
30
29
26
29
30
28
28
27
112
42
134
30
26
29
45
30
152
94
48
115
30
27
29
27
28
173
29
29
30
27
27
63
26
28
28
28
27
32
28
27
72
29
28
26
27
28
27
23
28
28
29
29
29
28
112
27
27
28
26
26
28
29
27
28
26
26
27
27
89
27
31
26
27
740
27
90
95
27
30
29
19
32
59
63
347
72
25
22
23
192
48
153
237
146
39
28
30
27
31
41
33
26
27
83
42
28
27
30
27
29
44
69
42
31
30
19
29
45
31
29
28
27
28
30
115
48
94
150
30
45
29
26
252
28
368
373
27
31
26
30
28
29
27
29
27
26
26
28
58
27
28
28
106
27
26
28
26
24
24
30
26
24
130
54
33
143
49
103
27
77
27
24
26
30
36
28
29
26
15
26
28
28
27
28
30
33
26
27
81
27
29
26
27
28
28
28
84
30
26
125
26
49
39
28
28
48
26
29
26
29
27
31
25
29
29
28
22
35
95
29
26
28
27
26
27
26
99
27
28
36
26
53
60
28
27
38
28
28
26
27
27
171
27
39
28
26
29
29
27
53
55
26
28
29
26
28
26
28
27
28
21
29
30
40
67
407
422
27
99
26
26
29
29
31
27
294
28
93
28
40
27
26
26
27
26
29
28
162
31
28
30
50
28
28
102
51
27
33
27
29
27
50
26
26
27
30
26
26
26
28
203
63
36
29
30
27
31
29
31
30
29
25
54
29
46
27
26
151
26
26
26
27
26
29
27
172
35
186
47
21
56
238
143
26
36
64
27
29
30
55
38
29
26
29
179
30
80
29
97
495
127
26
29
32
48
67
27
27
28
27
45
29
192
28
27
28
29
27
29
26
28
26
26
26
26
27
26
28
28
27
63
253
32
37
27
26
26
27
27
29
30
45
37
24
27
28
28
26
26
26
58
27
29
15
28
30
36
44
77
24
26
26
135
75
29
26
32
26
26
29
26
28
28
30
30
77
27
71
30
59
26
24
26
28
26
30
26
27
27
26
26
27
26
31
56
29
26
22
27
35
107
361
138
38
28
73
27
26
26
28
36
26
26
31
65
28
123
101
27
41
27
29
27
27
28
30
28
26
32
31
26
27
26
28
31
28
26
31
26
34
28
30
36
31
334
31
29
43
27
46
27
29
28
31
26
29
29
65
59
61
49
100
41
29
29
31
26
27
26
28
17
27
129
34
403
512
29
32
27
164
25
96
51
297
56
29
28
57
35
30
27
28
76
26
27
29
27
28
24
26
28
27
27
27
28
29
67
27
49
32
15
24
337
32
27
35
26
30
45
35
28
64
67
75
28
28
88
28
28
28
29
26
27
29
26
21
27
28
26
27
24
26
27
26
27
51
34
143
63
29
271
141
49
30
222
116
29
26
88
83
27
28
26
26
27
33
26
48
29
28
29
26
27
26
28
35
27
26
27
54
27
28
156
28
24
29
86
82
168
24
29
26
27
30
28
26
28
30
34
26
27
50
71
54
28
72
26
29
24
27
28
26
29
27
53
27
26
68
94
27
29
27
26
30
71
29
27
31
26
29
26
29
28
164
26
29
25
29
28
168
65
26
46
27
31
27
29
27
30
27
26
28
27
72
26
32
26
29
32
28
29
27
30
52
73
27
27
28
28
28
28
29
29
27
36
28
181
27
29
26
30
28
29
29
27
29
27
38
28
27
28
31
37
28
27
26
29
29
26
37
123
40
250
43
42
111
55
133
29
29
28
26
26
62
28
28
30
27
73
26
20
44
22
75
26
26
25
31
26
20
29
28
22
47
35
27
28
128
30
29
27
29
29
26
29
26
28
26
28
27
26
26
29
34
27
27
39
26
15
35
77
30
369
38
304
957
81
95
51
27
28
27
28
29
216
31
27
27
31
19
26
26
26
30
17
27
28
27
27
29
30
154
26
204
29
27
28
30
93
26
28
22
27
26
71
19
28
39
30
31
27
29
27
28
27
27
27
28
26
29
134
27
28
28
31
30
27
26
26
28
28
29
26
26
123
42
118
28
28
28
27
27
29
27
29
26
28
24
27
27
26
100
32
30
28
27
26
27
28
27
147
29
27
85
27
27
26
28
29
73
29
34
40
29
29
27
27
60
26
27
27
28
27
37
26
31
179
71
87
81
43
31
34
35
37
36
27
26
28
29
27
28
26
27
26
26
517
27
24
30
29
29
41
32
30
26
27
26
27
28
28
26
27
163
126
29
28
27
29
112
26
29
39
152
106
222
106
26
56
28
27
40
29
63
30
84
31
26
28
168
75
84
26
28
29
28
29
77
30
31
29
41
46
56
18
180
27
28
26
27
28
29
29
29
30
27
30
27
26
26
45
27
26
26
28
56
31
26
27
27
181
98
322
26
45
35
30
28
27
17
26
27
23
22
22
148
26
27
29
29
28
27
29
27
30
28
30
29
29
27
27
27
26
38
28
26
30
41
721
35
33
27
26
84
31
51
27
27
29
26
26
32
77
80
29
28
31
28
45
66
27
28
32
44
78
29
26
30
29
27
24
27
24
28
223
67
283
28
28
26
34
28
31
29
29
26
29
104
29
26
26
29
28
74
62
26
180
27
26
37
28
28
27
27
27
27
26
27
27
27
26
26
28
26
26
30
28
29
26
26
26
32
28
26
18
27
26
29
28
28
28
56
29
27
26
27
29
26
26
26
28
28
28
26
72
87
75
128
35
26
59
28
27
29
29
27
29
28
26
143
92
27
26
28
27
27
128
30
30
22
28
28
29
29
110
118
29
27
33
26
27
29
26
29
414
27
44
28
28
65
26
27
36
30
28
85
28
120
27
151
29
62
84
26
174
27
28
25
29
26
26
28
29
28
31
31
29
27
28
28
27
27
26
45
26
19
65
20
74
45
30
29
71
31
28
27
28
27
27
27
27
117
25
104
30
27
28
28
29
26
28
30
75
29
27
26
29
26
28
27
64
29
27
27
26
28
28
27
29
28
27
27
28
29
28
27
109
64
147
29
35
698
29
26
29
26
121
29
28
30
30
26
26
27
115
26
28
342
31
26
26
27
28
26
26
28
26
27
28
29
27
29
28
26
26
28
28
28
26
28
27
28
28
28
29
27
26
28
108
26
27
29
30
27
27
27
26
29
26
77
37
55
27
28
27
29
179
28
77
26
104
24
26
121
83
26
28
122
29
27
33
29
28
70
27
24
31
20
108
26
60
27
28
50
103
472
26
27
29
27
30
26
113
29
29
75
27
27
21
26
26
28
137
31
27
33
54
29
45
30
150
94
48
115
30
27
29
27
28
173
29
29
30
28
27
149
178
28
27
195
26
26
29
52
29
32
28
88
30
243
21
52
26
28
27
29
27
28
26
26
26
28
27
27
26
26
58
27
31
29
28
66
26
30
26
21
95
26
56
26
187
27
27
28
26
42
28
26
29
26
93
27
26
79
27
27
29
27
26
26
27
80
29
26
29
64
130
21
37
154
84
49
61
32
28
29
27
62
39
27
32
29
28
28
28
28
26
26
29
28
27
30
28
29
27
31
28
28
28
26
26
26
31
28
21
113
28
60
29
123
27
46
27
27
27
136
26
39
29
45
30
26
27
27
27
29
30
38
26
26
29
28
28
28
28
29
27
48
51
34
63
29
32
33
105
26
28
29
168
28
27
26
26
56
111
29
276
70
29
65
499
33
26
46
29
167
29
29
35
29
28
26
49
29
29
28
104
29
28
26
227
26
28
39
219
26
26
26
26
40
56
83
76
100
676
179
113
28
27
16
357
28
28
28
30
28
27
26
24
133
26
28
76
170
109
33
26
29
29
27
28
28
26
198
100
60
40
62
108
29
26
36
29
30
27
27
95
27
156
90
378
660
81
50
26
27
30
26
28
33
28
28
27
34
365
180
65
199
166
371
29
30
28
26
27
27
55
27
27
26
27
26
26
17
27
27
84
51
30
26
46
30
62
227
26
86
128
28
26
28
35
167
59
200
27
23
31
131
27
28
27
27
73
27
28
31
29
29
27
29
28
30
105
30
47
35
29
26
27
52
30
26
27
27
58
170
40
68
29
35
26
26
26
45
29
45
29
26
36
43
57
89
179
179
179
63
115
27
49
58
170
40
68
29
35
26
26
26
45
29
45
29
26
36
43
57
89
58
170
40
68
29
35
26
26
26
45
29
45
29
26
36
29
125
71
27
26
26
26
26
67
29
27
24
149
87
134
26
28
222
28
27
44
29
27
27
28
26
93
27
31
26
27
34
28
53
28
29
30
26
27
30
26
27
28
26
26
39
29
26
26
31
28
28
26
28
27
27
26
177
28
292
95
89
31
26
47
29
38
35
27
189
63
41
43
291
28
20
11
26
34
25
25
26
27
28
27
26
28
28
26
28
30
27
26
28
29
47
27
26
31
50
26
58
244
30
49
27
26
58
29
29
29
26
30
26
27
27
29
37
27
28
26
40
27
26
27
68
94
204
27
28
26
27
44
28
26
92
36
29
29
36
125
57
298
28
27
30
29
27
29
27
27
28
29
29
26
29
26
26
27
27
26
32
26
26
31
30
119
28
27
21
40
30
29
34
28
30
26
28
30
26
42
29
70
63
89
169
29
80
80
29
27
775
80
29
29
62
26
114
31
26
26
27
28
26
29
26
28
28
27
29
31
28
28
80
29
26
51
28
26
31
28
27
20
93
26
26
26
29
29
32
27
44
27
28
71
254
35
31
28
38
28
56
55
29
27
27
16
27
28
31
26
26
27
78
29
26
26
31
30
78
31
26
27
171
47
60
132
370
63
50
88
28
28
29
42
27
21
27
27
24
39
21
21
33
36
39
30
21
24
33
33
39
42
42
39
27
39
53
156
29
27
139
26
29
177
111
89
29
27
28
27
29
26
29
31
26
28
29
28
28
29
27
27
29
48
30
369
43
151
31
42
29
305
30
26
28
29
27
58
28
34
27
19
28
27
28
29
29
27
30
31
29
29
346
30
47
26
26
26
26
29
120
29
27
47
29
28
26
26
27
26
29
567
287
39
107
53
36
29
29
100
45
29
27
29
34
27
29
27
196
29
31
233
27
30
28
42
26
46
29
28
30
29
26
28
27
22
33
100
35
29
27
28
28
26
32
48
27
27
26
26
28
30
24
28
28
28
28
26
27
27
27
27
27
30
142
27
31
30
26
240
240
33
471
29
41
74
26
26
27
29
26
27
30
29
29
48
26
29
51
72
29
28
27
26
30
26
27
27
28
30
27
26
30
26
28
85
28
27
44
76
28
26
42
26
47
43
177
33
29
54
30
58
63
28
33
29
27
29
26
74
32
30
27
29
29
159
31
31
29
26
28
26
28
28
29
26
27
26
264
27
26
30
28
28
33
29
29
35
37
43
29
31
29
26
29
74
29
30
30
26
32
91
28
132
26
30
28
28
27
26
26
29
65
29
26
29
26
28
28
26
40
40
27
119
27
29
512
37
242
70
29
30
31
27
42
29
28
168
29
26
70
30
30
27
27
27
26
27
26
26
27
26
26
51
32
29
28
26
26
26
28
33
27
24
21
27
21
24
21
24
30
21
39
30
24
39
33
30
44
192
55
56
27
29
26
19
28
27
461
27
24
26
30
37
29
127
29
29
32
42
41
29
26
28
26
110
29
26
29
27
27
26
28
26
110
29
26
29
27
27
27
27
41
30
26
108
89
26
29
28
27
28
26
28
33
121
29
26
27
26
27
27
28
30
28
35
172
28
38
27
81
90
26
62
26
32
202
238
66
131
28
28
29
31
26
20
27
28
26
28
27
25
26
36
29
28
59
27
261
30
29
26
26
28
26
28
57
28
28
52
24
27
28
29
32
28
117
92
29
29
27
28
27
28
26
60
31
26
42
26
26
27
99
82
545
76
28
25
28
26
29
28
26
27
29
24
27
27
30
29
27
31
28
27
32
26
28
28
32
26
28
26
32
58
29
44
25
28
36
20
36
73
182
139
66
925
28
360
27
141
340
105
27
29
40
32
29
28
27
27
27
27
26
28
28
105
34
29
26
27
26
27
29
24
30
28
27
28
27
26
45
29
29
26
27
33
27
26
28
29
28
30
26
29
26
28
29
28
26
26
27
28
27
29
27
71
27
28
29
26
38
23
62
28
26
30
27
186
45
32
36
29
28
28
29
29
27
27
29
31
53
28
26
30
31
26
31
30
27
28
1120
43
90
56
29
29
30
58
30
26
28
28
46
26
27
78
30
34
223
455
28
525
349
278
48
33
171
99
29
286
41
142
196
30
53
27
28
29
30
28
54
95
15
38
56
17
29
57
27
29
27
29
30
29
27
27
28
537
60
113
33
31
28
26
26
35
27
27
27
133
49
25
29
149
29
30
63
26
26
26
28
26
19
27
26
49
30
27
28
27
28
29
26
27
118
26
25
28
29
28
28
27
26
29
26
26
29
28
18
32
27
26
35
91
29
26
27
42
79
196
262
35
27
27
21
27
27
27
26
26
27
29
27
47
26
30
27
29
28
313
29
27
27
217
31
31
31
39
110
93
160
94
47
43
28
29
28
26
26
60
28
29
26
26
26
28
27
31
29
29
36
28
27
28
28
27
27
26
26
28
61
26
28
27
39
148
172
27
35
27
27
27
27
27
48
38
139
27
28
29
28
27
31
27
120
27
28
29
30
27
28
28
131
62
26
29
29
29
31
39
34
27
255
26
28
128
28
26
26
26
26
26
26
50
26
26
23
28
35
148
27
27
26
30
86
26
28
26
29
40
28
49
26
27
27
29
29
29
28
27
26
734
48
28
33
38
36
51
47
76
104
40
31
195
35
54
26
26
29
26
27
28
26
27
29
29
29
52
28
29
28
35
31
26
61
97
27
27
28
27
27
28
27
26
196
28
28
26
26
517
26
29
28
222
229
26
28
26
29
32
349
27
28
114
27
31
26
29
27
27
27
27
28
33
42
26
28
35
438
28
26
68
61
27
68
37
26
70
26
29
139
46
102
26
54
27
27
26
80
27
54
74
36
29
30
64
33
27
29
28
27
28
64
98
27
31
26
95
88
30
72
27
20
29
85
41
29
46
26
24
45
27
28
71
24
28
27
28
27
26
24
26
40
26
30
27
28
26
26
27
29
28
28
28
27
27
26
47
26
29
27
30
29
29
84
300
296
38
167
507
81
157
353
131
48
65
43
159
29
53
38
44
34
71
28
24
28
26
24
26
27
28
28
80
31
28
38
33
27
26
28
28
26
26
28
26
106
29
26
30
29
26
29
28
27
29
159
66
163
29
37
28
26
31
29
30
33
26
26
31
27
28
29
30
30
26
27
138
27
27
29
39
29
34
138
99
26
97
29
26
27
29
30
29
146
29
83
35
29
731
70
21
20
98
345
34
113
25
27
26
31
28
28
98
26
26
28
28
29
28
28
127
27
28
27
26
26
211
29
126
31
31
28
41
31
24
18
15
237
85
27
28
28
30
31
29
29
72
95
630
28
28
27
28
27
30
28
27
28
30
58
28
28
27
31
30
58
29
27
29
27
31
253
29
26
27
29
26
48
26
47
42
73
97
165
197
34
34
114
31
142
42
26
75
48
29
26
28
30
28
16
29
30
29
26
29
26
28
29
28
28
26
26
180
606
374
26
29
26
29
36
19
27
29
315
26
29
31
26
183
102
26
29
74
30
80
39
54
30
80
38
315
30
28
27
36
28
26
119
26
108
39
29
29
27
28
26
28
23
28
38
28
29
27
28
56
27
26
27
28
302
28
155
303
147
68
61
26
26
26
40
20
71
56
55
40
37
29
26
26
31
30
29
39
68
28
32
39
27
68
326
45
37
64
36
32
120
29
86
36
29
58
29
51
114
29
51
56
59
27
30
29
30
28
27
28
28
72
52
253
147
114
27
27
28
28
26
27
74
30
27
26
36
104
29
27
29
28
27
28
26
52
28
53
30
34
28
40
28
29
53
64
57
165
23
15
48
95
29
47
76
30
99
29
59
35
30
29
18
28
28
29
28
28
27
27
29
30
28
130
215
144
29
29
77
27
28
29
26
26
27
28
28
28
29
27
29
27
27
28
28
54
21
21
43
31
28
29
23
46
28
31
29
27
63
129
27
26
26
26
185
181
74
89
26
26
26
16
40
26
95
118
41
126
27
22
73
54
28
29
57
60
52
107
21
240
47
28
28
119
27
27
28
26
28
31
30
38
29
30
29
356
123
28
29
29
34
29
76
26
26
28
29
26
92
41
41
92
39
27
185
140
97
506
41
28
29
29
27
39
27
31
63
27
26
29
28
28
29
60
28
26
23
26
29
29
31
26
27
26
30
29
28
28
30
30
26
29
26
28
27
220
27
29
88
27
27
27
32
114
26
27
26
29
28
36
28
441
29
51
27
26
30
26
93
28
29
27
28
51
30
29
28
27
28
79
27
27
26
28
27
26
29
29
31
32
26
27
26
74
28
30
33
38
26
26
242
26
28
28
29
27
27
26
26
29
28
26
28
29
26
26
27
24
28
27
27
26
27
29
27
94
214
30
118
27
23
26
29
27
27
29
15
39
63
26
27
27
26
26
80
31
37
29
72
28
26
373
34
27
123
26
27
29
26
32
29
146
29
29
29
132
54
28
27
26
29
26
26
27
27
29
29
93
1498
114
55
28
27
53
27
26
27
329
60
52
137
37
38
35
62
69
53
29
26
26
41
215
26
28
26
26
38
49
27
26
27
27
26
35
63
208
27
154
137
40
202
53
29
66
26
30
140
329
45
200
29
28
23
68
27
27
26
45
18
29
27
27
27
28
30
28
28
29
30
28
35
30
44
174
31
59
29
27
150
212
26
27
28
26
27
30
26
28
32
26
30
32
28
28
28
57
106
19
30
29
28
24
26
26
31
33
68
28
28
40
77
26
26
54
26
26
28
29
30
45
402
1034
267
165
444
180
156
321
156
30
690
26
28
27
27
28
26
26
27
79
26
26
31
28
27
28
30
27
26
92
28
31
28
20
29
29
27
27
27
26
71
27
28
27
28
27
27
29
27
50
27
27
26
15
71
27
28
27
28
27
27
44
102
26
26
31
26
27
29
80
26
28
28
24
82
29
28
28
26
29
29
32
30
28
27
26
27
26
28
26
29
40
42
69
29
156
81
370
50
42
47
32
92
200
92
26
26
148
28
27
105
27
111
28
27
137
18
90
28
58
127
28
91
28
28
307
27
26
26
118
26
29
26
148
28
28
30
26
404
52
227
29
27
27
28
29
26
27
28
26
28
28
27
27
26
27
27
28
35
26
28
141
163
28
26
26
87
26
29
26
26
29
27
29
26
28
28
32
26
26
27
36
153
27
29
28
26
44
46
49
45
72
28
30
28
27
29
30
28
29
31
39
26
26
93
28
29
43
28
29
27
27
28
170
27
72
29
31
31
28
26
28
26
27
26
26
170
30
29
29
38
49
31
47
28
54
31
28
28
27
26
28
42
26
26
30
40
26
37
77
29
43
119
29
26
27
52
70
319
319
47
187
43
29
30
63
95
83
27
30
111
73
19
27
41
26
28
27
29
28
26
27
28
29
18
26
27
26
26
26
27
37
28
27
26
27
29
30
34
22
27
27
20
28
26
28
26
29
175
114
23
26
27
52
27
27
27
28
26
27
26
27
60
26
26
131
29
92
29
27
52
28
18
27
70
68
27
27
26
26
30
36
29
29
26
28
26
99
27
27
29
31
119
57
50
39
27
47
26
26
71
86
40
170
373
28
434
36
34
32
59
580
319
112
29
30
137
30
67
30
27
26
28
30
27
27
30
29
61
26
28
27
26
27
29
26
30
30
27
56
27
26
72
30
28
26
34
29
95
49
22
42
26
28
27
28
28
30
26
41
29
26
29
40
28
28
28
275
29
113
29
300
27
26
28
30
169
20
26
21
65
30
31
28
27
26
91
104
41
92
117
318
72
26
27
27
318
27
26
27
26
28
27
27
56
24
54
99
26
29
20
112
30
28
26
29
78
27
46
28
28
28
22
42
29
27
26
26
26
29
25
84
30
27
163
98
28
27
28
28
27
27
79
798
59
26
26
27
27
98
20
95
285
27
46
27
64
29
33
494
143
121
30
430
362
1013
278
46
29
171
28
20
29
26
28
19
31
26
31
27
30
31
27
27
24
29
28
27
27
31
26
26
27
42
26
53
30
27
26
72
30
26
29
29
36
30
36
26
27
28
30
27
26
27
28
26
27
26
27
65
28
47
24
28
26
27
26
27
27
26
81
222
20
31
29
18
29
31
105
115
29
29
61
33
50
60
27
30
28
28
31
28
28
32
27
27
27
26
26
27
28
26
29
28
31
31
38
26
28
26
54
28
26
26
30
167
124
26
217
98
29
39
28
176
84
161
27
27
27
39
31
29
26
31
26
31
30
56
56
28
87
32
26
30
29
32
27
30
29
27
65
26
26
56
41
41
30
30
26
26
24
30
29
135
26
31
30
26
29
22
26
90
42
136
103
28
28
29
28
36
27
28
28
118
28
69
27
29
18
27
27
30
29
156
29
30
70
132
26
17
44
29
30
27
28
29
29
28
29
30
80
241
27
27
30
26
30
28
26
27
28
29
26
30
26
28
26
26
27
31
28
29
26
36
30
29
27
26
19
286
29
27
113
119
38
26
28
26
29
29
22
20
25
30
28
26
29
26
47
27
26
44
28
27
48
31
31
113
44
28
26
71
27
27
54
28
53
27
28
83
77
29
27
29
26
27
27
29
29
30
26
26
31
26
26
26
39
36
21
30
21
24
24
30
76
33
26
26
31
27
29
26
26
45
32
51
85
48
87
29
30
56
26
119
80
48
26
52
29
37
115
210
30
29
28
29
28
29
76
45
20
27
27
28
26
26
26
30
30
30
48
27
31
28
26
52
104
413
86
41
108
43
116
129
160
181
180
42
371
96
199
147
75
71
25
26
26
30
29
28
28
28
28
33
27
100
31
44
42
17
92
88
21
28
28
28
33
27
100
31
44
42
17
92
23
73
28
28
27
37
26
27
52
29
27
162
43
28
26
30
28
29
28
27
27
52
29
27
27
30
30
27
27
28
27
105
29
171
54
287
95
29
57
78
27
41
81
27
30
28
70
54
27
27
46
27
27
31
20
26
28
26
26
29
27
38
73
34
29
109
65
117
27
30
26
26
64
28
28
28
35
26
29
28
32
26
27
126
41
27
28
26
27
27
37
96
50
26
28
27
26
28
27
26
261
31
28
200
28
53
27
28
27
30
30
243
50
28
28
23
28
261
29
24
28
77
21
64
28
97
31
31
29
42
29
20
522
790
48
32
83
16
73
36
74
28
288
401
27
30
53
85
27
29
85
29
28
27
26
17
28
50
32
27
27
365
30
27
27
99
39
57
26
58
27
15
28
26
26
30
43
28
28
35
49
26
28
26
28
27
26
54
28
27
29
30
154
29
28
26
34
29
28
27
27
29
29
30
32
28
27
28
26
27
29
29
24
27
52
51
26
29
26
29
48
239
45
77
28
26
34
84
116
26
26
31
150
83
21
26
138
193
29
30
31
28
27
57
61
54
36
369
28
26
27
29
498
34
27
124
113
27
26
26
26
26
27
29
27
29
28
53
26
75
27
142
57
28
29
69
84
30
29
94
59
28
58
244
29
27
29
29
46
152
52
29
28
26
26
26
28
26
31
27
290
27
27
26
28
30
30
57
30
26
28
29
30
30
27
38
30
30
29
40
28
28
26
27
91
175
55
55
28
26
29
57
213
164
102
29
26
27
26
27
91
172
28
29
28
27
28
26
32
29
29
28
28
28
28
27
68
27
28
33
27
29
31
29
27
28
28
28
30
35
55
68
29
86
32
63
26
57
29
27
30
26
26
26
26
27
141
40
30
48
17
30
29
27
24
32
31
27
27
33
71
313
97
27
25
26
66
28
26
30
73
28
29
29
28
26
42
27
25
26
66
28
26
30
73
28
29
29
28
27
26
32
26
27
39
26
92
435
26
29
37
27
28
31
26
26
27
78
116
29
242
49
47
40
46
32
25
30
37
26
20
118
47
28
27
31
30
126
30
26
22
17
26
28
26
27
94
35
29
27
27
39
27
58
59
29
29
26
29
39
29
135
27
26
28
27
28
117
26
28
62
27
198
28
38
26
27
27
26
28
26
126
28
38
30
28
26
26
28
28
184
278
701
81
176
303
127
28
41
28
96
26
29
179
106
27
27
62
19
27
50
168
27
28
54
69
27
26
28
30
28
77
30
28
77
28
27
28
26
28
980
30
37
32
140
27
24
43
30
27
92
353
50
30
26
140
27
26
217
28
27
28
27
26
29
26
32
29
27
27
29
30
28
27
28
31
83
24
78
37
41
28
33
29
84
31
52
30
26
65
27
27
27
27
31
63
26
28
27
29
288
28
26
80
141
29
38
37
33
44
58
118
29
620
29
47
56
123
387
87
557
372
29
34
34
114
31
37
29
87
42
46
26
26
59
26
28
25
27
31
26
37
28
65
28
27
26
26
31
27
29
27
26
75
51
27
27
28
45
26
27
26
28
29
84
27
30
28
26
49
68
22
26
28
27
181
23
29
27
49
29
19
119
28
26
22
26
28
27
181
23
29
27
49
29
19
119
28
26
26
27
29
28
57
26
28
33
31
115
88
17
63
15
18
27
28
56
52
27
102
206
31
27
37
27
26
27
26
33
26
27
38
26
26
28
28
37
47
81
29
29
27
27
30
156
26
30
28
27
29
79
27
32
46
108
34
83
329
99
200
317
79
27
78
29
362
96
43
45
70
37
172
72
100
37
28
28
172
27
27
32
28
31
27
89
28
30
27
26
30
27
29
30
26
27
41
134
70
28
81
358
108
243
163
137
44
28
26
27
28
26
26
27
26
28
26
26
26
27
27
26
27
27
27
29
27
29
27
31
29
28
27
84
57
28
27
28
30
28
21
26
26
95
27
27
41
30
107
40
27
27
28
28
27
29
57
28
26
26
27
26
63
43
26
28
29
26
29
26
26
27
31
196
32
26
50
28
27
27
26
28
30
46
18
145
30
27
27
26
96
49
137
38
29
110
124
42
67
86
31
64
26
26
47
26
26
82
59
25
30
27
30
28
30
26
27
28
25
26
23
28
28
29
26
167
26
202
30
94
26
29
26
113
30
28
47
26
27
28
28
26
26
29
26
26
28
27
111
26
29
27
26
26
84
27
27
27
28
26
26
26
26
27
19
29
30
29
28
28
28
27
27
26
28
28
27
26
51
26
27
26
29
27
27
28
347
32
28
28
27
28
47
28
28
78
121
34
28
29
26
28
30
26
26
29
26
26
30
27
26
21
26
27
27
27
28
28
29
28
31
28
28
28
27
29
394
180
155
145
135
67
27
26
26
29
28
71
26
26
470
28
28
27
26
54
26
28
28
47
19
28
29
26
28
30
28
28
27
26
27
343
26
28
127
83
26
26
75
36
28
38
222
30
38
28
29
28
28
28
27
29
28
80
42
32
28
31
142
27
26
29
28
27
37
26
58
29
42
28
31
78
355
29
70
29
30
28
241
32
547
189
828
116
72
97
32
29
27
61
26
27
26
28
27
1926
24
57
26
91
29
57
50
47
26
29
248
175
140
31
53
29
29
28
27
26
27
32
88
27
202
194
33
83
109
42
102
27
27
28
27
20
26
28
29
26
28
29
276
28
26
27
26
22
26
27
29
28
75
29
320
28
26
27
29
27
28
26
29
28
27
28
28
26
27
32
27
26
20
26
28
27
28
27
29
29
62
26
29
26
166
26
257
28
28
26
26
30
38
112
26
29
28
26
28
27
29
28
29
58
28
26
27
498
78
326
144
22
66
55
67
372
70
29
31
27
28
28
28
48
29
29
52
29
26
28
26
28
29
31
28
27
26
26
26
27
26
29
30
27
28
26
47
27
33
26
88
29
64
31
89
46
192
56
26
26
28
26
29
26
55
30
20
27
28
28
28
27
26
26
30
26
29
28
31
61
76
30
30
118
29
39
83
67
50
138
31
153
29
30
26
92
78
23
29
27
27
30
128
65
26
27
26
27
26
29
118
50
21
26
27
26
26
57
26
27
305
30
52
27
76
26
26
28
30
26
27
26
26
26
46
64
47
15
31
26
27
27
28
86
29
26
27
29
26
40
26
26
81
36
15
27
66
33
28
26
71
43
40
369
136
237
28
28
28
165
27
27
26
29
29
30
27
28
31
77
69
42
28
29
242
29
132
34
27
28
24
58
37
17
61
29
29
28
30
73
31
29
39
27
32
27
27
35
31
26
28
26
26
29
30
26
28
28
26
30
47
27
28
27
59
54
57
52
30
193
29
27
87
27
28
232
27
32
34
105
26
50
27
26
28
28
27
27
112
77
930
26
28
26
52
31
38
48
26
26
28
141
27
26
27
27
30
29
29
28
26
40
35
81
28
102
31
60
45
128
51
50
35
31
29
485
55
37
61
27
21
86
29
28
26
26
27
26
26
54
52
29
26
26
28
54
26
28
15
29
27
78
28
26
28
26
30
55
26
27
44
53
46
107
28
26
27
27
48
28
26
26
29
27
28
26
26
28
27
29
26
52
45
31
30
26
29
27
28
60
29
28
26
28
27
27
26
26
28
242
29
27
26
29
182
26
29
26
30
27
29
28
28
27
28
72
27
27
26
798
36
29
27
28
27
29
28
29
27
30
26
26
26
28
27
29
29
30
269
180
691
26
19
29
90
66
27
28
28
28
28
38
44
26
27
28
26
18
26
28
26
31
349
183
112
49
29
47
31
26
27
27
26
28
106
30
30
48
29
26
26
26
29
26
29
159
35
110
73
30
28
27
28
29
27
30
26
28
296
28
28
27
42
28
21
26
27
46
26
27
27
15
26
29
29
28
29
28
27
26
27
28
28
75
31
27
26
27
30
26
26
28
55
122
30
28
110
29
68
28
29
26
30
28
34
26
69
29
26
29
26
29
30
28
26
27
27
27
32
40
49
145
308
168
86
28
26
30
28
27
32
26
29
30
28
26
26
29
27
27
29
27
27
27
49
30
40
40
26
29
46
27
28
28
26
27
27
29
30
30
28
29
91
34
28
28
33
45
30
31
27
31
26
28
28
26
29
28
27
27
28
29
131
26
26
42
102
30
26
28
26
28
26
28
28
27
39
27
27
30
31
27
26
28
28
37
29
139
28
28
38
28
29
47
27
30
30
48
27
26
28
25
33
26
124
27
26
89
27
31
31
27
29
27
24
124
29
29
29
27
27
64
49
26
29
29
45
27
26
26
285
21
31
29
28
26
28
28
26
27
29
26
28
28
28
47
39
26
36
26
29
27
27
30
27
27
21
88
20
27
30
27
35
47
26
111
28
26
30
29
28
28
28
57
26
26
66
26
27
27
42
26
28
28
29
26
122
27
28
28
28
24
28
26
27
41
245
28
26
27
26
313
166
26
69
42
30
26
28
26
29
29
32
27
27
26
29
117
291
28
26
27
28
26
117
26
26
28
90
30
26
27
28
28
26
71
27
26
26
96
27
26
56
29
26
26
27
27
27
26
205
26
26
26
31
51
179
26
27
28
27
26
27
28
29
29
29
30
29
27
26
28
27
27
27
26
28
15
29
155
26
52
31
30
87
29
30
33
28
28
27
35
85
28
29
27
27
27
26
65
29
27
26
27
26
26
26
27
29
50
31
29
28
27
29
28
27
30
26
29
31
290
29
231
29
44
35
43
84
27
26
72
28
26
33
27
27
29
28
26
29
30
74
29
28
29
26
26
27
42
472
133
94
502
27
29
29
29
31
28
218
29
30
31
29
30
41
76
26
29
11
110
27
52
45
40
29
26
64
26
31
26
54
38
35
27
26
26
26
26
26
26
55
28
28
28
26
28
35
27
28
55
29
29
29
27
24
28
28
29
23
29
27
28
27
26
29
26
27
26
29
28
28
27
27
28
27
28
27
28
29
29
28
26
26
30
33
28
25
67
81
26
27
29
28
27
27
26
37
26
85
26
27
26
27
29
26
20
56
28
29
30
53
47
32
44
124
26
50
43
21
28
186
25
29
27
29
26
28
26
29
27
29
29
27
28
30
30
28
30
29
27
205
26
27
38
27
174
26
72
31
26
26
27
26
28
29
26
41
26
29
29
28
28
29
95
40
26
38
28
27
30
27
144
29
28
27
27
28
27
28
27
129
29
26
27
28
24
29
42
27
27
18
29
42
28
27
27
27
25
28
27
30
29
28
38
33
28
26
42
26
26
27
29
26
30
28
26
29
30
27
26
39
40
28
27
27
28
26
26
29
29
28
28
55
26
26
26
58
27
29
28
28
27
27
29
27
31
30
44
26
24
49
191
43
